index,Average Returns,Timesteps,env,algorithm_name,Actor Training Times,Actor Training Steps
0,161.25288014404097,0,Humanoid-v3,DDPG,0,0
1,161.25288014404097,10000,Humanoid-v3,DDPG,5000,5000
2,529.8484722028503,20000,Humanoid-v3,DDPG,10000,10000
3,300.33139281991765,30000,Humanoid-v3,DDPG,15000,15000
4,285.52549585193884,40000,Humanoid-v3,DDPG,20000,20000
5,68.15615515754635,50000,Humanoid-v3,DDPG,25000,25000
6,74.30081325383748,60000,Humanoid-v3,DDPG,30000,30000
7,75.18499861425055,70000,Humanoid-v3,DDPG,35000,35000
8,281.1710559310058,80000,Humanoid-v3,DDPG,40000,40000
9,78.59457713085901,90000,Humanoid-v3,DDPG,45000,45000
10,75.7487870772972,100000,Humanoid-v3,DDPG,50000,50000
11,183.69998968780567,110000,Humanoid-v3,DDPG,55000,55000
12,186.38491602535754,120000,Humanoid-v3,DDPG,60000,60000
13,105.71306909898071,130000,Humanoid-v3,DDPG,65000,65000
14,113.19570497598221,140000,Humanoid-v3,DDPG,70000,70000
15,214.38355279658526,150000,Humanoid-v3,DDPG,75000,75000
16,230.01820494021462,160000,Humanoid-v3,DDPG,80000,80000
17,270.327153980288,170000,Humanoid-v3,DDPG,85000,85000
18,105.47414299821476,180000,Humanoid-v3,DDPG,90000,90000
19,93.1006370175882,190000,Humanoid-v3,DDPG,95000,95000
20,76.01611966072814,200000,Humanoid-v3,DDPG,100000,100000
21,82.19976867360391,210000,Humanoid-v3,DDPG,105000,105000
22,82.51564582633006,220000,Humanoid-v3,DDPG,110000,110000
23,78.61650864713955,230000,Humanoid-v3,DDPG,115000,115000
24,78.59168742089541,240000,Humanoid-v3,DDPG,120000,120000
25,77.22742560020326,250000,Humanoid-v3,DDPG,125000,125000
26,77.10084981192504,260000,Humanoid-v3,DDPG,130000,130000
27,76.25635929949047,270000,Humanoid-v3,DDPG,135000,135000
28,78.40660533164201,280000,Humanoid-v3,DDPG,140000,140000
29,78.44745640742812,290000,Humanoid-v3,DDPG,145000,145000
30,75.18229995228003,300000,Humanoid-v3,DDPG,150000,150000
31,232.6821098240633,310000,Humanoid-v3,DDPG,155000,155000
32,212.22353956517526,320000,Humanoid-v3,DDPG,160000,160000
33,183.2633360938175,330000,Humanoid-v3,DDPG,165000,165000
34,223.08345152429155,340000,Humanoid-v3,DDPG,170000,170000
35,267.44910239780944,350000,Humanoid-v3,DDPG,175000,175000
36,250.5661037190084,360000,Humanoid-v3,DDPG,180000,180000
37,244.44924096442008,370000,Humanoid-v3,DDPG,185000,185000
38,248.80433980789138,380000,Humanoid-v3,DDPG,190000,190000
39,256.24095613898083,390000,Humanoid-v3,DDPG,195000,195000
40,238.85139602818882,400000,Humanoid-v3,DDPG,200000,200000
41,241.4203877777298,410000,Humanoid-v3,DDPG,205000,205000
42,238.2908469678368,420000,Humanoid-v3,DDPG,210000,210000
43,217.3830039249371,430000,Humanoid-v3,DDPG,215000,215000
44,238.60466403794948,440000,Humanoid-v3,DDPG,220000,220000
45,339.5825287166787,450000,Humanoid-v3,DDPG,225000,225000
46,197.74988653922057,460000,Humanoid-v3,DDPG,230000,230000
47,200.30393130735985,470000,Humanoid-v3,DDPG,235000,235000
48,203.18892986923058,480000,Humanoid-v3,DDPG,240000,240000
49,228.8040863197386,490000,Humanoid-v3,DDPG,245000,245000
50,227.70856517579716,500000,Humanoid-v3,DDPG,250000,250000
51,224.21800114641147,510000,Humanoid-v3,DDPG,255000,255000
52,245.95029151359543,520000,Humanoid-v3,DDPG,260000,260000
53,225.46737215142517,530000,Humanoid-v3,DDPG,265000,265000
54,148.55129721089457,540000,Humanoid-v3,DDPG,270000,270000
55,191.5628418268296,550000,Humanoid-v3,DDPG,275000,275000
56,195.43644336410568,560000,Humanoid-v3,DDPG,280000,280000
57,196.1076067581376,570000,Humanoid-v3,DDPG,285000,285000
58,133.19801090771358,580000,Humanoid-v3,DDPG,290000,290000
59,84.29690737288756,590000,Humanoid-v3,DDPG,295000,295000
60,75.74589520271994,600000,Humanoid-v3,DDPG,300000,300000
61,75.74721357693656,610000,Humanoid-v3,DDPG,305000,305000
62,102.10648625420706,620000,Humanoid-v3,DDPG,310000,310000
63,96.30251619040837,630000,Humanoid-v3,DDPG,315000,315000
64,86.76028766431412,640000,Humanoid-v3,DDPG,320000,320000
65,105.5175679940435,650000,Humanoid-v3,DDPG,325000,325000
66,105.98471730118652,660000,Humanoid-v3,DDPG,330000,330000
67,81.06774091458206,670000,Humanoid-v3,DDPG,335000,335000
68,84.59679217802132,680000,Humanoid-v3,DDPG,340000,340000
69,87.5446691803447,690000,Humanoid-v3,DDPG,345000,345000
70,88.11023927377583,700000,Humanoid-v3,DDPG,350000,350000
71,83.83116480111157,710000,Humanoid-v3,DDPG,355000,355000
72,87.02707416426517,720000,Humanoid-v3,DDPG,360000,360000
73,77.23345311561435,730000,Humanoid-v3,DDPG,365000,365000
74,77.64321581636939,740000,Humanoid-v3,DDPG,370000,370000
75,220.18124018312457,750000,Humanoid-v3,DDPG,375000,375000
76,161.1852610608984,760000,Humanoid-v3,DDPG,380000,380000
77,221.05971893882253,770000,Humanoid-v3,DDPG,385000,385000
78,209.5546449053437,780000,Humanoid-v3,DDPG,390000,390000
79,204.73323767037252,790000,Humanoid-v3,DDPG,395000,395000
80,71.38491129842063,800000,Humanoid-v3,DDPG,400000,400000
81,66.18268386699327,810000,Humanoid-v3,DDPG,405000,405000
82,70.91391658877099,820000,Humanoid-v3,DDPG,410000,410000
83,63.837112809753,830000,Humanoid-v3,DDPG,415000,415000
84,84.04847162689333,840000,Humanoid-v3,DDPG,420000,420000
85,217.3307617905383,850000,Humanoid-v3,DDPG,425000,425000
86,205.4981138740641,860000,Humanoid-v3,DDPG,430000,430000
87,66.66251710006419,870000,Humanoid-v3,DDPG,435000,435000
88,66.65651467626584,880000,Humanoid-v3,DDPG,440000,440000
89,66.65490472796604,890000,Humanoid-v3,DDPG,445000,445000
90,159.24297878201548,900000,Humanoid-v3,DDPG,450000,450000
91,71.38428940357801,910000,Humanoid-v3,DDPG,455000,455000
92,148.37233116448868,920000,Humanoid-v3,DDPG,460000,460000
93,163.43012474648086,930000,Humanoid-v3,DDPG,465000,465000
94,170.97265576289576,940000,Humanoid-v3,DDPG,470000,470000
95,158.72215544414797,950000,Humanoid-v3,DDPG,475000,475000
96,149.95049850195934,960000,Humanoid-v3,DDPG,480000,480000
97,167.02814250228374,970000,Humanoid-v3,DDPG,485000,485000
98,178.1957165898491,980000,Humanoid-v3,DDPG,490000,490000
99,145.8951479899586,990000,Humanoid-v3,DDPG,495000,495000
100,156.06586153832717,1000000,Humanoid-v3,DDPG,500000,500000
