index,Average Returns,Timesteps,env,algorithm_name,Actor Training Times,Actor Training Steps
0,159.5421305853294,0,Humanoid-v3,TD3,0,0
1,159.5421305853294,10000,Humanoid-v3,TD3,5000,5000
2,213.9636909705768,20000,Humanoid-v3,TD3,10000,10000
3,102.0896195620458,30000,Humanoid-v3,TD3,15000,15000
4,169.66242995222842,40000,Humanoid-v3,TD3,20000,20000
5,172.59972031194908,50000,Humanoid-v3,TD3,25000,25000
6,341.52271650170036,60000,Humanoid-v3,TD3,30000,30000
7,256.57279465091733,70000,Humanoid-v3,TD3,35000,35000
8,377.18077239028673,80000,Humanoid-v3,TD3,40000,40000
9,417.91443195103926,90000,Humanoid-v3,TD3,45000,45000
10,308.05281829056565,100000,Humanoid-v3,TD3,50000,50000
11,433.4373798703096,110000,Humanoid-v3,TD3,55000,55000
12,511.1174308750568,120000,Humanoid-v3,TD3,60000,60000
13,508.7082526252008,130000,Humanoid-v3,TD3,65000,65000
14,537.6114025100749,140000,Humanoid-v3,TD3,70000,70000
15,497.2217009166649,150000,Humanoid-v3,TD3,75000,75000
16,507.17062479151565,160000,Humanoid-v3,TD3,80000,80000
17,564.7758380765011,170000,Humanoid-v3,TD3,85000,85000
18,641.7361129476142,180000,Humanoid-v3,TD3,90000,90000
19,570.0727907839117,190000,Humanoid-v3,TD3,95000,95000
20,512.0601696158242,200000,Humanoid-v3,TD3,100000,100000
21,641.9595462470563,210000,Humanoid-v3,TD3,105000,105000
22,654.8819977948258,220000,Humanoid-v3,TD3,110000,110000
23,558.1145745380963,230000,Humanoid-v3,TD3,115000,115000
24,634.4523459504722,240000,Humanoid-v3,TD3,120000,120000
25,587.1277877784062,250000,Humanoid-v3,TD3,125000,125000
26,638.3374492456221,260000,Humanoid-v3,TD3,130000,130000
27,618.4131753455152,270000,Humanoid-v3,TD3,135000,135000
28,667.2100685180865,280000,Humanoid-v3,TD3,140000,140000
29,654.3094547469406,290000,Humanoid-v3,TD3,145000,145000
30,795.1089072492804,300000,Humanoid-v3,TD3,150000,150000
31,817.7423252481982,310000,Humanoid-v3,TD3,155000,155000
32,719.4951830921078,320000,Humanoid-v3,TD3,160000,160000
33,958.1519075995703,330000,Humanoid-v3,TD3,165000,165000
34,1174.2176142901967,340000,Humanoid-v3,TD3,170000,170000
35,912.7315949438733,350000,Humanoid-v3,TD3,175000,175000
36,1173.6665614343542,360000,Humanoid-v3,TD3,180000,180000
37,1080.7026537553406,370000,Humanoid-v3,TD3,185000,185000
38,1164.3286662690502,380000,Humanoid-v3,TD3,190000,190000
39,1140.9446095724534,390000,Humanoid-v3,TD3,195000,195000
40,972.3064950874324,400000,Humanoid-v3,TD3,200000,200000
41,1584.2479694933847,410000,Humanoid-v3,TD3,205000,205000
42,2180.945352859756,420000,Humanoid-v3,TD3,210000,210000
43,1060.841832699237,430000,Humanoid-v3,TD3,215000,215000
44,2621.035331751099,440000,Humanoid-v3,TD3,220000,220000
45,2362.616664487892,450000,Humanoid-v3,TD3,225000,225000
46,1784.7717125024515,460000,Humanoid-v3,TD3,230000,230000
47,2439.4939507668482,470000,Humanoid-v3,TD3,235000,235000
48,2526.643838301557,480000,Humanoid-v3,TD3,240000,240000
49,2852.405477255516,490000,Humanoid-v3,TD3,245000,245000
50,3526.325085840364,500000,Humanoid-v3,TD3,250000,250000
51,4040.652537824637,510000,Humanoid-v3,TD3,255000,255000
52,3384.149330364032,520000,Humanoid-v3,TD3,260000,260000
53,2186.868759193296,530000,Humanoid-v3,TD3,265000,265000
54,4600.282059076664,540000,Humanoid-v3,TD3,270000,270000
55,3455.6559857258007,550000,Humanoid-v3,TD3,275000,275000
56,2529.177820151212,560000,Humanoid-v3,TD3,280000,280000
57,3287.1052242194005,570000,Humanoid-v3,TD3,285000,285000
58,4702.332459180237,580000,Humanoid-v3,TD3,290000,290000
59,4739.457559119624,590000,Humanoid-v3,TD3,295000,295000
60,4550.750512130152,600000,Humanoid-v3,TD3,300000,300000
61,5000.31815362245,610000,Humanoid-v3,TD3,305000,305000
62,3824.2805120957332,620000,Humanoid-v3,TD3,310000,310000
63,3691.8659924227454,630000,Humanoid-v3,TD3,315000,315000
64,5024.479565210569,640000,Humanoid-v3,TD3,320000,320000
65,3508.354385228282,650000,Humanoid-v3,TD3,325000,325000
66,5157.793435511248,660000,Humanoid-v3,TD3,330000,330000
67,5151.688148046165,670000,Humanoid-v3,TD3,335000,335000
68,4575.23794871135,680000,Humanoid-v3,TD3,340000,340000
69,3768.6856350578278,690000,Humanoid-v3,TD3,345000,345000
70,4113.59116128798,700000,Humanoid-v3,TD3,350000,350000
71,4186.3786049377895,710000,Humanoid-v3,TD3,355000,355000
72,3984.35908719724,720000,Humanoid-v3,TD3,360000,360000
73,4517.495671789537,730000,Humanoid-v3,TD3,365000,365000
74,2788.057913734948,740000,Humanoid-v3,TD3,370000,370000
75,5128.093625601057,750000,Humanoid-v3,TD3,375000,375000
76,4927.937224919244,760000,Humanoid-v3,TD3,380000,380000
77,4622.351732003996,770000,Humanoid-v3,TD3,385000,385000
78,4946.223021576386,780000,Humanoid-v3,TD3,390000,390000
79,4916.4254706336405,790000,Humanoid-v3,TD3,395000,395000
80,4571.918375409825,800000,Humanoid-v3,TD3,400000,400000
81,4745.1249855033475,810000,Humanoid-v3,TD3,405000,405000
82,2627.198205736022,820000,Humanoid-v3,TD3,410000,410000
83,4484.821243857158,830000,Humanoid-v3,TD3,415000,415000
84,4574.57179993392,840000,Humanoid-v3,TD3,420000,420000
85,4232.409026346975,850000,Humanoid-v3,TD3,425000,425000
86,5082.336016571928,860000,Humanoid-v3,TD3,430000,430000
87,4828.747325711938,870000,Humanoid-v3,TD3,435000,435000
88,3533.291964927071,880000,Humanoid-v3,TD3,440000,440000
89,4332.239119911073,890000,Humanoid-v3,TD3,445000,445000
90,2254.149666393261,900000,Humanoid-v3,TD3,450000,450000
91,4676.910214951879,910000,Humanoid-v3,TD3,455000,455000
92,5232.808406975988,920000,Humanoid-v3,TD3,460000,460000
93,3570.08954607865,930000,Humanoid-v3,TD3,465000,465000
94,4704.041357868346,940000,Humanoid-v3,TD3,470000,470000
95,2836.489709638517,950000,Humanoid-v3,TD3,475000,475000
96,3925.1582037829216,960000,Humanoid-v3,TD3,480000,480000
97,4338.162981903317,970000,Humanoid-v3,TD3,485000,485000
98,5008.9025404548765,980000,Humanoid-v3,TD3,490000,490000
99,5184.064260398425,990000,Humanoid-v3,TD3,495000,495000
100,4386.591898551217,1000000,Humanoid-v3,TD3,500000,500000
