index,Average Returns,Timesteps,env,algorithm_name,Actor Training Times,Actor Training Steps
0,181.04808617186782,0,Humanoid-v3,DDPG,0,0
1,181.04808617186782,10000,Humanoid-v3,DDPG,5000,5000
2,88.24114979561054,20000,Humanoid-v3,DDPG,10000,10000
3,123.46884339752873,30000,Humanoid-v3,DDPG,15000,15000
4,115.96584298814292,40000,Humanoid-v3,DDPG,20000,20000
5,122.46285431196009,50000,Humanoid-v3,DDPG,25000,25000
6,78.0913269889872,60000,Humanoid-v3,DDPG,30000,30000
7,92.4962407388319,70000,Humanoid-v3,DDPG,35000,35000
8,230.4945202912931,80000,Humanoid-v3,DDPG,40000,40000
9,406.71362585450066,90000,Humanoid-v3,DDPG,45000,45000
10,220.99451398713776,100000,Humanoid-v3,DDPG,50000,50000
11,431.88179422482483,110000,Humanoid-v3,DDPG,55000,55000
12,405.676754688991,120000,Humanoid-v3,DDPG,60000,60000
13,234.07563136148082,130000,Humanoid-v3,DDPG,65000,65000
14,107.54738810903008,140000,Humanoid-v3,DDPG,70000,70000
15,486.6760237473497,150000,Humanoid-v3,DDPG,75000,75000
16,420.3706803069855,160000,Humanoid-v3,DDPG,80000,80000
17,378.4886437435201,170000,Humanoid-v3,DDPG,85000,85000
18,370.4466015731815,180000,Humanoid-v3,DDPG,90000,90000
19,228.67960550750985,190000,Humanoid-v3,DDPG,95000,95000
20,291.4737325431821,200000,Humanoid-v3,DDPG,100000,100000
21,197.89866558014825,210000,Humanoid-v3,DDPG,105000,105000
22,220.41443995576248,220000,Humanoid-v3,DDPG,110000,110000
23,225.186821624344,230000,Humanoid-v3,DDPG,115000,115000
24,320.6783172968054,240000,Humanoid-v3,DDPG,120000,120000
25,236.4262928035583,250000,Humanoid-v3,DDPG,125000,125000
26,255.15924703222927,260000,Humanoid-v3,DDPG,130000,130000
27,341.8290549890136,270000,Humanoid-v3,DDPG,135000,135000
28,323.4567729927952,280000,Humanoid-v3,DDPG,140000,140000
29,272.0267498560846,290000,Humanoid-v3,DDPG,145000,145000
30,303.5926881709777,300000,Humanoid-v3,DDPG,150000,150000
31,290.0792811846086,310000,Humanoid-v3,DDPG,155000,155000
32,263.45748058993684,320000,Humanoid-v3,DDPG,160000,160000
33,215.89780816635246,330000,Humanoid-v3,DDPG,165000,165000
34,158.96622168004325,340000,Humanoid-v3,DDPG,170000,170000
35,128.85495800008056,350000,Humanoid-v3,DDPG,175000,175000
36,147.06226014104934,360000,Humanoid-v3,DDPG,180000,180000
37,114.13074196821238,370000,Humanoid-v3,DDPG,185000,185000
38,135.60423911332487,380000,Humanoid-v3,DDPG,190000,190000
39,113.35339842965591,390000,Humanoid-v3,DDPG,195000,195000
40,107.24443866373687,400000,Humanoid-v3,DDPG,200000,200000
41,97.26349103706387,410000,Humanoid-v3,DDPG,205000,205000
42,98.48877664428623,420000,Humanoid-v3,DDPG,210000,210000
43,94.88034060816014,430000,Humanoid-v3,DDPG,215000,215000
44,103.6054056443148,440000,Humanoid-v3,DDPG,220000,220000
45,100.54538247531843,450000,Humanoid-v3,DDPG,225000,225000
46,91.7557961928398,460000,Humanoid-v3,DDPG,230000,230000
47,101.01523224248274,470000,Humanoid-v3,DDPG,235000,235000
48,100.40740733010166,480000,Humanoid-v3,DDPG,240000,240000
49,92.9508834866559,490000,Humanoid-v3,DDPG,245000,245000
50,92.08080282527958,500000,Humanoid-v3,DDPG,250000,250000
51,98.11341279267195,510000,Humanoid-v3,DDPG,255000,255000
52,97.42572597143088,520000,Humanoid-v3,DDPG,260000,260000
53,97.51609493245623,530000,Humanoid-v3,DDPG,265000,265000
54,97.7341541211258,540000,Humanoid-v3,DDPG,270000,270000
55,97.76584831654405,550000,Humanoid-v3,DDPG,275000,275000
56,103.3189582512991,560000,Humanoid-v3,DDPG,280000,280000
57,103.89073630832114,570000,Humanoid-v3,DDPG,285000,285000
58,105.04546755801316,580000,Humanoid-v3,DDPG,290000,290000
59,100.81694755826432,590000,Humanoid-v3,DDPG,295000,295000
60,99.61421113632562,600000,Humanoid-v3,DDPG,300000,300000
61,99.59943070734484,610000,Humanoid-v3,DDPG,305000,305000
62,98.94838202585731,620000,Humanoid-v3,DDPG,310000,310000
63,95.10679466344149,630000,Humanoid-v3,DDPG,315000,315000
64,100.20653936556472,640000,Humanoid-v3,DDPG,320000,320000
65,98.96143180936454,650000,Humanoid-v3,DDPG,325000,325000
66,98.51162421480421,660000,Humanoid-v3,DDPG,330000,330000
67,101.51067141363147,670000,Humanoid-v3,DDPG,335000,335000
68,97.04533034827566,680000,Humanoid-v3,DDPG,340000,340000
69,99.60134287911362,690000,Humanoid-v3,DDPG,345000,345000
70,98.99460271724631,700000,Humanoid-v3,DDPG,350000,350000
71,97.03780426223366,710000,Humanoid-v3,DDPG,355000,355000
72,95.8292654369812,720000,Humanoid-v3,DDPG,360000,360000
73,98.34249174991331,730000,Humanoid-v3,DDPG,365000,365000
74,97.08904690738956,740000,Humanoid-v3,DDPG,370000,370000
75,97.1064167639555,750000,Humanoid-v3,DDPG,375000,375000
76,97.73828775910708,760000,Humanoid-v3,DDPG,380000,380000
77,97.04339812585064,770000,Humanoid-v3,DDPG,385000,385000
78,98.88632701314005,780000,Humanoid-v3,DDPG,390000,390000
79,93.49395659621729,790000,Humanoid-v3,DDPG,395000,395000
80,92.99512551512285,800000,Humanoid-v3,DDPG,400000,400000
81,97.11838687221213,810000,Humanoid-v3,DDPG,405000,405000
82,99.49519443356621,820000,Humanoid-v3,DDPG,410000,410000
83,97.10489494403481,830000,Humanoid-v3,DDPG,415000,415000
84,96.15995917006559,840000,Humanoid-v3,DDPG,420000,420000
85,93.01534215505522,850000,Humanoid-v3,DDPG,425000,425000
86,97.08653297704431,860000,Humanoid-v3,DDPG,430000,430000
87,97.0808372917828,870000,Humanoid-v3,DDPG,435000,435000
88,97.02037581816978,880000,Humanoid-v3,DDPG,440000,440000
89,97.09885965327229,890000,Humanoid-v3,DDPG,445000,445000
90,96.49220723620552,900000,Humanoid-v3,DDPG,450000,450000
91,97.1086700116783,910000,Humanoid-v3,DDPG,455000,455000
92,95.79406857498205,920000,Humanoid-v3,DDPG,460000,460000
93,96.44953830736776,930000,Humanoid-v3,DDPG,465000,465000
94,97.08088335860188,940000,Humanoid-v3,DDPG,470000,470000
95,97.05975651807758,950000,Humanoid-v3,DDPG,475000,475000
96,97.0270064433002,960000,Humanoid-v3,DDPG,480000,480000
97,92.92008407058786,970000,Humanoid-v3,DDPG,485000,485000
98,96.42230367269308,980000,Humanoid-v3,DDPG,490000,490000
99,96.43829923127909,990000,Humanoid-v3,DDPG,495000,495000
100,91.82277078768715,1000000,Humanoid-v3,DDPG,500000,500000
