index,Average Returns,Timesteps,env,algorithm_name,Actor Training Times,Actor Training Steps
0,12.204394053083876,0,Hopper-v3,SYS_QRDW,0,0
1,12.204394053083876,10000,Hopper-v3,SYS_QRDW,5000,5000
2,172.2160089736237,20000,Hopper-v3,SYS_QRDW,10000,10000
3,226.44033681563369,30000,Hopper-v3,SYS_QRDW,15000,15000
4,277.39131918003545,40000,Hopper-v3,SYS_QRDW,20000,20000
5,248.2663667270811,50000,Hopper-v3,SYS_QRDW,25000,25000
6,256.33665406313696,60000,Hopper-v3,SYS_QRDW,30000,30000
7,292.2049427411021,70000,Hopper-v3,SYS_QRDW,35000,35000
8,317.0412778725133,80000,Hopper-v3,SYS_QRDW,40000,40000
9,281.6709391055827,90000,Hopper-v3,SYS_QRDW,45000,45000
10,257.89956847157777,100000,Hopper-v3,SYS_QRDW,50000,50000
11,324.0678317957035,110000,Hopper-v3,SYS_QRDW,55000,55000
12,244.63877966866693,120000,Hopper-v3,SYS_QRDW,60000,60000
13,306.8447840419662,130000,Hopper-v3,SYS_QRDW,65000,65000
14,308.633943145858,140000,Hopper-v3,SYS_QRDW,70000,70000
15,261.5092864041552,150000,Hopper-v3,SYS_QRDW,75000,75000
16,289.28272725488847,160000,Hopper-v3,SYS_QRDW,80000,80000
17,325.8717271565328,170000,Hopper-v3,SYS_QRDW,85000,85000
18,373.8457882609443,180000,Hopper-v3,SYS_QRDW,90000,90000
19,394.3372404800441,190000,Hopper-v3,SYS_QRDW,95000,95000
20,345.35000983031335,200000,Hopper-v3,SYS_QRDW,100000,100000
21,404.5087279472458,210000,Hopper-v3,SYS_QRDW,105000,105000
22,382.8268308029136,220000,Hopper-v3,SYS_QRDW,110000,110000
23,420.4314278941294,230000,Hopper-v3,SYS_QRDW,115000,115000
24,438.46661389552804,240000,Hopper-v3,SYS_QRDW,120000,120000
25,437.79032796737226,250000,Hopper-v3,SYS_QRDW,125000,125000
26,461.5064271163884,260000,Hopper-v3,SYS_QRDW,130000,130000
27,488.9268721903496,270000,Hopper-v3,SYS_QRDW,135000,135000
28,478.6361256126281,280000,Hopper-v3,SYS_QRDW,140000,140000
29,374.1549818156796,290000,Hopper-v3,SYS_QRDW,145000,145000
30,577.8683422033603,300000,Hopper-v3,SYS_QRDW,150000,150000
31,579.7402117217591,310000,Hopper-v3,SYS_QRDW,155000,155000
32,573.7013940597935,320000,Hopper-v3,SYS_QRDW,160000,160000
33,604.6993876431691,330000,Hopper-v3,SYS_QRDW,165000,165000
34,588.2372707587218,340000,Hopper-v3,SYS_QRDW,170000,170000
35,644.2089169957517,350000,Hopper-v3,SYS_QRDW,175000,175000
36,631.8315192383034,360000,Hopper-v3,SYS_QRDW,180000,180000
37,664.1629377047961,370000,Hopper-v3,SYS_QRDW,185000,185000
38,634.6655395820643,380000,Hopper-v3,SYS_QRDW,190000,190000
39,502.8320249395505,390000,Hopper-v3,SYS_QRDW,195000,195000
40,567.0512611322841,400000,Hopper-v3,SYS_QRDW,200000,200000
41,649.6459360831952,410000,Hopper-v3,SYS_QRDW,205000,205000
42,791.3972962157527,420000,Hopper-v3,SYS_QRDW,210000,210000
43,807.040159966357,430000,Hopper-v3,SYS_QRDW,215000,215000
44,877.8464528738181,440000,Hopper-v3,SYS_QRDW,220000,220000
45,2562.2362184963768,450000,Hopper-v3,SYS_QRDW,225000,225000
46,2678.4335419660442,460000,Hopper-v3,SYS_QRDW,230000,230000
47,2870.8392712770874,470000,Hopper-v3,SYS_QRDW,235000,235000
48,2911.6773095510384,480000,Hopper-v3,SYS_QRDW,240000,240000
49,1205.4355143362145,490000,Hopper-v3,SYS_QRDW,245000,245000
50,2858.5376827843907,500000,Hopper-v3,SYS_QRDW,250000,250000
51,2761.4228077803414,510000,Hopper-v3,SYS_QRDW,255000,255000
52,2927.085372658028,520000,Hopper-v3,SYS_QRDW,260000,260000
53,3013.3732176291583,530000,Hopper-v3,SYS_QRDW,265000,265000
54,3005.7876741945943,540000,Hopper-v3,SYS_QRDW,270000,270000
55,1036.9292187787794,550000,Hopper-v3,SYS_QRDW,275000,275000
56,2899.4746102994723,560000,Hopper-v3,SYS_QRDW,280000,280000
57,2877.358727872351,570000,Hopper-v3,SYS_QRDW,285000,285000
58,2882.812909492967,580000,Hopper-v3,SYS_QRDW,290000,290000
59,2932.6678209245006,590000,Hopper-v3,SYS_QRDW,295000,295000
60,3065.617785207175,600000,Hopper-v3,SYS_QRDW,300000,300000
61,2952.0150789443737,610000,Hopper-v3,SYS_QRDW,305000,305000
62,3051.3807563098662,620000,Hopper-v3,SYS_QRDW,310000,310000
63,3121.6228744520367,630000,Hopper-v3,SYS_QRDW,315000,315000
64,3175.6139848969206,640000,Hopper-v3,SYS_QRDW,320000,320000
65,3122.942644266754,650000,Hopper-v3,SYS_QRDW,325000,325000
66,3056.6298919080705,660000,Hopper-v3,SYS_QRDW,330000,330000
67,3182.5688188413537,670000,Hopper-v3,SYS_QRDW,335000,335000
68,3173.3687900098957,680000,Hopper-v3,SYS_QRDW,340000,340000
69,3156.2949496914875,690000,Hopper-v3,SYS_QRDW,345000,345000
70,3217.039134903907,700000,Hopper-v3,SYS_QRDW,350000,350000
71,3205.726721065467,710000,Hopper-v3,SYS_QRDW,355000,355000
72,3234.888454030445,720000,Hopper-v3,SYS_QRDW,360000,360000
73,3199.42396574054,730000,Hopper-v3,SYS_QRDW,365000,365000
74,3227.4126747099876,740000,Hopper-v3,SYS_QRDW,370000,370000
75,906.8229719216276,750000,Hopper-v3,SYS_QRDW,375000,375000
76,3292.160641471577,760000,Hopper-v3,SYS_QRDW,380000,380000
77,1774.6747349642817,770000,Hopper-v3,SYS_QRDW,385000,385000
78,3278.12693691445,780000,Hopper-v3,SYS_QRDW,390000,390000
79,3269.936729693786,790000,Hopper-v3,SYS_QRDW,395000,395000
80,3273.318956213669,800000,Hopper-v3,SYS_QRDW,400000,400000
81,3260.7814812038514,810000,Hopper-v3,SYS_QRDW,405000,405000
82,3278.9507880962874,820000,Hopper-v3,SYS_QRDW,410000,410000
83,3276.550436911007,830000,Hopper-v3,SYS_QRDW,415000,415000
84,3260.193743673159,840000,Hopper-v3,SYS_QRDW,420000,420000
85,3288.510025663249,850000,Hopper-v3,SYS_QRDW,425000,425000
86,3334.2316414705638,860000,Hopper-v3,SYS_QRDW,430000,430000
87,3295.894732020401,870000,Hopper-v3,SYS_QRDW,435000,435000
88,3320.454367975151,880000,Hopper-v3,SYS_QRDW,440000,440000
89,3286.4425108509636,890000,Hopper-v3,SYS_QRDW,445000,445000
90,3298.093379703144,900000,Hopper-v3,SYS_QRDW,450000,450000
91,3301.858014393217,910000,Hopper-v3,SYS_QRDW,455000,455000
92,3298.174518165522,920000,Hopper-v3,SYS_QRDW,460000,460000
93,3277.7098062953132,930000,Hopper-v3,SYS_QRDW,465000,465000
94,3303.6555991750683,940000,Hopper-v3,SYS_QRDW,470000,470000
95,3270.4382113488405,950000,Hopper-v3,SYS_QRDW,475000,475000
96,3276.226390943542,960000,Hopper-v3,SYS_QRDW,480000,480000
97,2352.719917170321,970000,Hopper-v3,SYS_QRDW,485000,485000
98,3294.4560787596665,980000,Hopper-v3,SYS_QRDW,490000,490000
99,3296.0631641521773,990000,Hopper-v3,SYS_QRDW,495000,495000
100,3291.3466717526503,1000000,Hopper-v3,SYS_QRDW,500000,500000
