index,Average Returns,Timesteps,env,algorithm_name,Actor Training Times,Actor Training Steps
0,992.3032526464294,0,Ant-v3,TD3,0,0
1,992.3032526464294,10000,Ant-v3,TD3,5000,5000
2,829.3454722093954,20000,Ant-v3,TD3,10000,10000
3,823.6616069193367,30000,Ant-v3,TD3,15000,15000
4,923.6425004567442,40000,Ant-v3,TD3,20000,20000
5,840.5749748081411,50000,Ant-v3,TD3,25000,25000
6,901.6763917093643,60000,Ant-v3,TD3,30000,30000
7,913.3925113939143,70000,Ant-v3,TD3,35000,35000
8,857.2895301444947,80000,Ant-v3,TD3,40000,40000
9,856.2043802043953,90000,Ant-v3,TD3,45000,45000
10,944.0378419747946,100000,Ant-v3,TD3,50000,50000
11,917.4344756945227,110000,Ant-v3,TD3,55000,55000
12,894.3640210708168,120000,Ant-v3,TD3,60000,60000
13,939.5633082893887,130000,Ant-v3,TD3,65000,65000
14,805.2064080685617,140000,Ant-v3,TD3,70000,70000
15,949.2674672497573,150000,Ant-v3,TD3,75000,75000
16,942.4182099402693,160000,Ant-v3,TD3,80000,80000
17,955.9574869488852,170000,Ant-v3,TD3,85000,85000
18,936.4951758678457,180000,Ant-v3,TD3,90000,90000
19,932.6945970519982,190000,Ant-v3,TD3,95000,95000
20,838.6708969615393,200000,Ant-v3,TD3,100000,100000
21,934.6865394282086,210000,Ant-v3,TD3,105000,105000
22,908.6460710752541,220000,Ant-v3,TD3,110000,110000
23,971.31473398815,230000,Ant-v3,TD3,115000,115000
24,927.6207986613476,240000,Ant-v3,TD3,120000,120000
25,892.7767494526878,250000,Ant-v3,TD3,125000,125000
26,791.1358976755663,260000,Ant-v3,TD3,130000,130000
27,955.0984422698427,270000,Ant-v3,TD3,135000,135000
28,950.6287246732215,280000,Ant-v3,TD3,140000,140000
29,942.323587494268,290000,Ant-v3,TD3,145000,145000
30,931.7281462494768,300000,Ant-v3,TD3,150000,150000
31,975.5848710616644,310000,Ant-v3,TD3,155000,155000
32,969.8811324995653,320000,Ant-v3,TD3,160000,160000
33,1213.0852196068786,330000,Ant-v3,TD3,165000,165000
34,1082.2303719244262,340000,Ant-v3,TD3,170000,170000
35,1088.68952552466,350000,Ant-v3,TD3,175000,175000
36,1086.017636320646,360000,Ant-v3,TD3,180000,180000
37,1497.3423847053725,370000,Ant-v3,TD3,185000,185000
38,1618.398186006443,380000,Ant-v3,TD3,190000,190000
39,1203.6127117046915,390000,Ant-v3,TD3,195000,195000
40,1615.2564370437487,400000,Ant-v3,TD3,200000,200000
41,1627.8685696974294,410000,Ant-v3,TD3,205000,205000
42,1508.3371729099906,420000,Ant-v3,TD3,210000,210000
43,2044.2876725330332,430000,Ant-v3,TD3,215000,215000
44,1612.7108919425418,440000,Ant-v3,TD3,220000,220000
45,1898.6354300606315,450000,Ant-v3,TD3,225000,225000
46,2094.085024127316,460000,Ant-v3,TD3,230000,230000
47,1982.452806803552,470000,Ant-v3,TD3,235000,235000
48,2422.4899964142323,480000,Ant-v3,TD3,240000,240000
49,1726.6446977440326,490000,Ant-v3,TD3,245000,245000
50,2173.693667553704,500000,Ant-v3,TD3,250000,250000
51,2030.982615994704,510000,Ant-v3,TD3,255000,255000
52,2342.051088127192,520000,Ant-v3,TD3,260000,260000
53,2397.1200720919896,530000,Ant-v3,TD3,265000,265000
54,2093.1078289240313,540000,Ant-v3,TD3,270000,270000
55,2674.145723067911,550000,Ant-v3,TD3,275000,275000
56,2486.2098141281353,560000,Ant-v3,TD3,280000,280000
57,2410.6138962045607,570000,Ant-v3,TD3,285000,285000
58,2676.229367034475,580000,Ant-v3,TD3,290000,290000
59,1907.035641162841,590000,Ant-v3,TD3,295000,295000
60,2388.1236902754035,600000,Ant-v3,TD3,300000,300000
61,2852.736378177989,610000,Ant-v3,TD3,305000,305000
62,2693.80132961216,620000,Ant-v3,TD3,310000,310000
63,2489.0188740661592,630000,Ant-v3,TD3,315000,315000
64,2422.140897724876,640000,Ant-v3,TD3,320000,320000
65,2634.659862773632,650000,Ant-v3,TD3,325000,325000
66,1775.4824286978246,660000,Ant-v3,TD3,330000,330000
67,2611.5897230598284,670000,Ant-v3,TD3,335000,335000
68,2708.659739266826,680000,Ant-v3,TD3,340000,340000
69,2754.4430607277004,690000,Ant-v3,TD3,345000,345000
70,2807.438679681824,700000,Ant-v3,TD3,350000,350000
71,2791.251018957115,710000,Ant-v3,TD3,355000,355000
72,2696.624259565559,720000,Ant-v3,TD3,360000,360000
73,2746.283272897662,730000,Ant-v3,TD3,365000,365000
74,1981.1838369971008,740000,Ant-v3,TD3,370000,370000
75,2681.7475206174595,750000,Ant-v3,TD3,375000,375000
76,2364.2938729882485,760000,Ant-v3,TD3,380000,380000
77,2320.9237100742002,770000,Ant-v3,TD3,385000,385000
78,2880.783297322664,780000,Ant-v3,TD3,390000,390000
79,2384.513199561018,790000,Ant-v3,TD3,395000,395000
80,2484.286094957181,800000,Ant-v3,TD3,400000,400000
81,2936.5547394545147,810000,Ant-v3,TD3,405000,405000
82,3022.224917949391,820000,Ant-v3,TD3,410000,410000
83,2933.666010997288,830000,Ant-v3,TD3,415000,415000
84,2771.9892559653526,840000,Ant-v3,TD3,420000,420000
85,3187.7280850794605,850000,Ant-v3,TD3,425000,425000
86,3140.0754906804773,860000,Ant-v3,TD3,430000,430000
87,2474.759937513655,870000,Ant-v3,TD3,435000,435000
88,3098.009331367163,880000,Ant-v3,TD3,440000,440000
89,3095.973321527689,890000,Ant-v3,TD3,445000,445000
90,3141.994727612261,900000,Ant-v3,TD3,450000,450000
91,3106.883476270135,910000,Ant-v3,TD3,455000,455000
92,2490.9117835040524,920000,Ant-v3,TD3,460000,460000
93,3300.4303682707623,930000,Ant-v3,TD3,465000,465000
94,3263.807202764322,940000,Ant-v3,TD3,470000,470000
95,3152.108531188525,950000,Ant-v3,TD3,475000,475000
96,3040.338828012857,960000,Ant-v3,TD3,480000,480000
97,3225.4616352817998,970000,Ant-v3,TD3,485000,485000
98,3015.127652568518,980000,Ant-v3,TD3,490000,490000
99,2916.079468044945,990000,Ant-v3,TD3,495000,495000
100,3024.155844858184,1000000,Ant-v3,TD3,500000,500000
