index,Average Returns,Timesteps,env,algorithm_name,Actor Training Times,Actor Training Steps
0,43.79673529014875,0,Walker2d-v3,TD3,0,0
1,43.79673529014875,10000,Walker2d-v3,TD3,5000,5000
2,185.87379970996426,20000,Walker2d-v3,TD3,10000,10000
3,240.76461403244542,30000,Walker2d-v3,TD3,15000,15000
4,267.65973847074366,40000,Walker2d-v3,TD3,20000,20000
5,439.2098634348303,50000,Walker2d-v3,TD3,25000,25000
6,493.212248438047,60000,Walker2d-v3,TD3,30000,30000
7,416.3558258004931,70000,Walker2d-v3,TD3,35000,35000
8,631.6976222474708,80000,Walker2d-v3,TD3,40000,40000
9,596.1137347942044,90000,Walker2d-v3,TD3,45000,45000
10,653.4672830671905,100000,Walker2d-v3,TD3,50000,50000
11,786.6104812337513,110000,Walker2d-v3,TD3,55000,55000
12,386.7688972250272,120000,Walker2d-v3,TD3,60000,60000
13,573.0804243102281,130000,Walker2d-v3,TD3,65000,65000
14,643.6941033768578,140000,Walker2d-v3,TD3,70000,70000
15,769.2829697092445,150000,Walker2d-v3,TD3,75000,75000
16,731.4311832646824,160000,Walker2d-v3,TD3,80000,80000
17,886.6287187105178,170000,Walker2d-v3,TD3,85000,85000
18,1886.5008478727725,180000,Walker2d-v3,TD3,90000,90000
19,1138.2073355211885,190000,Walker2d-v3,TD3,95000,95000
20,1493.1687964323694,200000,Walker2d-v3,TD3,100000,100000
21,1857.8321778264205,210000,Walker2d-v3,TD3,105000,105000
22,1338.7749452492446,220000,Walker2d-v3,TD3,110000,110000
23,1446.6614471379473,230000,Walker2d-v3,TD3,115000,115000
24,1794.0175315568954,240000,Walker2d-v3,TD3,120000,120000
25,969.8268608907124,250000,Walker2d-v3,TD3,125000,125000
26,2926.58538230886,260000,Walker2d-v3,TD3,130000,130000
27,1043.8754875431832,270000,Walker2d-v3,TD3,135000,135000
28,3404.501929910182,280000,Walker2d-v3,TD3,140000,140000
29,3406.230700962121,290000,Walker2d-v3,TD3,145000,145000
30,2707.965873892081,300000,Walker2d-v3,TD3,150000,150000
31,3415.365927810183,310000,Walker2d-v3,TD3,155000,155000
32,1263.513115665677,320000,Walker2d-v3,TD3,160000,160000
33,1400.9392369526481,330000,Walker2d-v3,TD3,165000,165000
34,1051.9976555646183,340000,Walker2d-v3,TD3,170000,170000
35,1015.899960802318,350000,Walker2d-v3,TD3,175000,175000
36,2074.1803465752178,360000,Walker2d-v3,TD3,180000,180000
37,2795.774530459585,370000,Walker2d-v3,TD3,185000,185000
38,2951.318620270948,380000,Walker2d-v3,TD3,190000,190000
39,2919.5583913006926,390000,Walker2d-v3,TD3,195000,195000
40,3234.8812311190773,400000,Walker2d-v3,TD3,200000,200000
41,2719.656158365796,410000,Walker2d-v3,TD3,205000,205000
42,3241.5830482243878,420000,Walker2d-v3,TD3,210000,210000
43,3275.0520029542013,430000,Walker2d-v3,TD3,215000,215000
44,3471.468395275427,440000,Walker2d-v3,TD3,220000,220000
45,3470.564007210437,450000,Walker2d-v3,TD3,225000,225000
46,3044.5577861068946,460000,Walker2d-v3,TD3,230000,230000
47,3448.3424598572333,470000,Walker2d-v3,TD3,235000,235000
48,3396.378760243042,480000,Walker2d-v3,TD3,240000,240000
49,3411.09284537068,490000,Walker2d-v3,TD3,245000,245000
50,734.0343881969627,500000,Walker2d-v3,TD3,250000,250000
51,1522.6847387099365,510000,Walker2d-v3,TD3,255000,255000
52,3507.2946538455462,520000,Walker2d-v3,TD3,260000,260000
53,3481.652880995052,530000,Walker2d-v3,TD3,265000,265000
54,3408.7668722379376,540000,Walker2d-v3,TD3,270000,270000
55,3351.6684131735587,550000,Walker2d-v3,TD3,275000,275000
56,3502.055970878717,560000,Walker2d-v3,TD3,280000,280000
57,3104.4800994384423,570000,Walker2d-v3,TD3,285000,285000
58,3560.020376112779,580000,Walker2d-v3,TD3,290000,290000
59,3582.7944262747355,590000,Walker2d-v3,TD3,295000,295000
60,3578.089519286815,600000,Walker2d-v3,TD3,300000,300000
61,3674.9978412768323,610000,Walker2d-v3,TD3,305000,305000
62,3664.683708403512,620000,Walker2d-v3,TD3,310000,310000
63,3712.8090858415935,630000,Walker2d-v3,TD3,315000,315000
64,3686.945900643831,640000,Walker2d-v3,TD3,320000,320000
65,3757.6923472235303,650000,Walker2d-v3,TD3,325000,325000
66,1829.412317604192,660000,Walker2d-v3,TD3,330000,330000
67,3397.72899384223,670000,Walker2d-v3,TD3,335000,335000
68,3692.907070138197,680000,Walker2d-v3,TD3,340000,340000
69,3683.982353540976,690000,Walker2d-v3,TD3,345000,345000
70,2149.4382149274984,700000,Walker2d-v3,TD3,350000,350000
71,3763.847311780569,710000,Walker2d-v3,TD3,355000,355000
72,3831.3259381701982,720000,Walker2d-v3,TD3,360000,360000
73,3724.35652441651,730000,Walker2d-v3,TD3,365000,365000
74,3802.5548717663237,740000,Walker2d-v3,TD3,370000,370000
75,3792.122128497121,750000,Walker2d-v3,TD3,375000,375000
76,3818.460361774174,760000,Walker2d-v3,TD3,380000,380000
77,3765.732934397758,770000,Walker2d-v3,TD3,385000,385000
78,3847.144537284742,780000,Walker2d-v3,TD3,390000,390000
79,3822.128174827504,790000,Walker2d-v3,TD3,395000,395000
80,3775.8728500460084,800000,Walker2d-v3,TD3,400000,400000
81,3796.105752079308,810000,Walker2d-v3,TD3,405000,405000
82,3849.5367901566174,820000,Walker2d-v3,TD3,410000,410000
83,3824.198002423818,830000,Walker2d-v3,TD3,415000,415000
84,3768.90550662028,840000,Walker2d-v3,TD3,420000,420000
85,3806.646410777095,850000,Walker2d-v3,TD3,425000,425000
86,3868.3965675345644,860000,Walker2d-v3,TD3,430000,430000
87,3829.378662862358,870000,Walker2d-v3,TD3,435000,435000
88,3877.757081808512,880000,Walker2d-v3,TD3,440000,440000
89,3921.906709591002,890000,Walker2d-v3,TD3,445000,445000
90,3987.3337939216913,900000,Walker2d-v3,TD3,450000,450000
91,3899.601953066212,910000,Walker2d-v3,TD3,455000,455000
92,3897.021773614212,920000,Walker2d-v3,TD3,460000,460000
93,3800.560361458093,930000,Walker2d-v3,TD3,465000,465000
94,3783.179541096485,940000,Walker2d-v3,TD3,470000,470000
95,3818.5034120660885,950000,Walker2d-v3,TD3,475000,475000
96,3825.1096656474897,960000,Walker2d-v3,TD3,480000,480000
97,3927.263933891231,970000,Walker2d-v3,TD3,485000,485000
98,3842.3137953288756,980000,Walker2d-v3,TD3,490000,490000
99,3949.3154591181255,990000,Walker2d-v3,TD3,495000,495000
100,4008.119274617833,1000000,Walker2d-v3,TD3,500000,500000
