index,Average Returns,Timesteps,env,algorithm_name,Actor Training Times,Actor Training Steps
0,-6.179638476603223,0,Walker2d-v3,SYS_QRDW,0,0
1,-6.179638476603223,10000,Walker2d-v3,SYS_QRDW,5000,5000
2,175.4707314111775,20000,Walker2d-v3,SYS_QRDW,10000,10000
3,149.36712188841386,30000,Walker2d-v3,SYS_QRDW,15000,15000
4,268.78736941023465,40000,Walker2d-v3,SYS_QRDW,20000,20000
5,361.3587058209592,50000,Walker2d-v3,SYS_QRDW,25000,25000
6,394.6978277051312,60000,Walker2d-v3,SYS_QRDW,30000,30000
7,396.40926450018367,70000,Walker2d-v3,SYS_QRDW,35000,35000
8,393.2862201066871,80000,Walker2d-v3,SYS_QRDW,40000,40000
9,310.3358990163955,90000,Walker2d-v3,SYS_QRDW,45000,45000
10,288.92703492188537,100000,Walker2d-v3,SYS_QRDW,50000,50000
11,752.2129282461779,110000,Walker2d-v3,SYS_QRDW,55000,55000
12,448.7475696500448,120000,Walker2d-v3,SYS_QRDW,60000,60000
13,538.5190263214554,130000,Walker2d-v3,SYS_QRDW,65000,65000
14,1719.0749481890186,140000,Walker2d-v3,SYS_QRDW,70000,70000
15,844.1611395919168,150000,Walker2d-v3,SYS_QRDW,75000,75000
16,630.3578442658741,160000,Walker2d-v3,SYS_QRDW,80000,80000
17,694.2808925275145,170000,Walker2d-v3,SYS_QRDW,85000,85000
18,963.3264878608147,180000,Walker2d-v3,SYS_QRDW,90000,90000
19,495.65266360726434,190000,Walker2d-v3,SYS_QRDW,95000,95000
20,992.1189529289082,200000,Walker2d-v3,SYS_QRDW,100000,100000
21,523.26294371933,210000,Walker2d-v3,SYS_QRDW,105000,105000
22,581.8884176076931,220000,Walker2d-v3,SYS_QRDW,110000,110000
23,732.2982793971307,230000,Walker2d-v3,SYS_QRDW,115000,115000
24,1221.632502349287,240000,Walker2d-v3,SYS_QRDW,120000,120000
25,1041.513698504952,250000,Walker2d-v3,SYS_QRDW,125000,125000
26,2054.578689902497,260000,Walker2d-v3,SYS_QRDW,130000,130000
27,1554.3135758188648,270000,Walker2d-v3,SYS_QRDW,135000,135000
28,1428.463780914699,280000,Walker2d-v3,SYS_QRDW,140000,140000
29,1474.1584300635943,290000,Walker2d-v3,SYS_QRDW,145000,145000
30,3348.2177874386944,300000,Walker2d-v3,SYS_QRDW,150000,150000
31,1314.829888101281,310000,Walker2d-v3,SYS_QRDW,155000,155000
32,3218.5174702592662,320000,Walker2d-v3,SYS_QRDW,160000,160000
33,2426.868650826253,330000,Walker2d-v3,SYS_QRDW,165000,165000
34,1946.0886606422143,340000,Walker2d-v3,SYS_QRDW,170000,170000
35,652.3636514409718,350000,Walker2d-v3,SYS_QRDW,175000,175000
36,2821.148356831229,360000,Walker2d-v3,SYS_QRDW,180000,180000
37,2685.4189938893383,370000,Walker2d-v3,SYS_QRDW,185000,185000
38,2879.932640986759,380000,Walker2d-v3,SYS_QRDW,190000,190000
39,2251.1497522570617,390000,Walker2d-v3,SYS_QRDW,195000,195000
40,1942.1740667965485,400000,Walker2d-v3,SYS_QRDW,200000,200000
41,2776.71137835605,410000,Walker2d-v3,SYS_QRDW,205000,205000
42,131.27686514398894,420000,Walker2d-v3,SYS_QRDW,210000,210000
43,3459.8497333632586,430000,Walker2d-v3,SYS_QRDW,215000,215000
44,3365.8984157618793,440000,Walker2d-v3,SYS_QRDW,220000,220000
45,3687.13490587738,450000,Walker2d-v3,SYS_QRDW,225000,225000
46,3619.9250093216206,460000,Walker2d-v3,SYS_QRDW,230000,230000
47,3878.9088599867855,470000,Walker2d-v3,SYS_QRDW,235000,235000
48,3657.838394559653,480000,Walker2d-v3,SYS_QRDW,240000,240000
49,3909.2370005356815,490000,Walker2d-v3,SYS_QRDW,245000,245000
50,3298.637765961012,500000,Walker2d-v3,SYS_QRDW,250000,250000
51,3329.793124297149,510000,Walker2d-v3,SYS_QRDW,255000,255000
52,3359.408276202937,520000,Walker2d-v3,SYS_QRDW,260000,260000
53,3511.782880718289,530000,Walker2d-v3,SYS_QRDW,265000,265000
54,3602.907978712982,540000,Walker2d-v3,SYS_QRDW,270000,270000
55,3649.816698336333,550000,Walker2d-v3,SYS_QRDW,275000,275000
56,3783.942951404007,560000,Walker2d-v3,SYS_QRDW,280000,280000
57,3814.517209619531,570000,Walker2d-v3,SYS_QRDW,285000,285000
58,3834.027097376463,580000,Walker2d-v3,SYS_QRDW,290000,290000
59,3949.0064518274294,590000,Walker2d-v3,SYS_QRDW,295000,295000
60,3700.5874494119207,600000,Walker2d-v3,SYS_QRDW,300000,300000
61,3908.264463814784,610000,Walker2d-v3,SYS_QRDW,305000,305000
62,4013.285543868861,620000,Walker2d-v3,SYS_QRDW,310000,310000
63,3947.481365050287,630000,Walker2d-v3,SYS_QRDW,315000,315000
64,4050.7951625557844,640000,Walker2d-v3,SYS_QRDW,320000,320000
65,3858.43368547646,650000,Walker2d-v3,SYS_QRDW,325000,325000
66,4128.054214568976,660000,Walker2d-v3,SYS_QRDW,330000,330000
67,4014.4421964876587,670000,Walker2d-v3,SYS_QRDW,335000,335000
68,3998.264036682134,680000,Walker2d-v3,SYS_QRDW,340000,340000
69,3993.2828120241816,690000,Walker2d-v3,SYS_QRDW,345000,345000
70,4094.8345409468684,700000,Walker2d-v3,SYS_QRDW,350000,350000
71,4257.14430398449,710000,Walker2d-v3,SYS_QRDW,355000,355000
72,4246.855557026751,720000,Walker2d-v3,SYS_QRDW,360000,360000
73,4184.138315500044,730000,Walker2d-v3,SYS_QRDW,365000,365000
74,4080.1926346043742,740000,Walker2d-v3,SYS_QRDW,370000,370000
75,4081.062073006327,750000,Walker2d-v3,SYS_QRDW,375000,375000
76,4142.4004753094505,760000,Walker2d-v3,SYS_QRDW,380000,380000
77,4040.328011309365,770000,Walker2d-v3,SYS_QRDW,385000,385000
78,3966.390640199535,780000,Walker2d-v3,SYS_QRDW,390000,390000
79,4122.091521203061,790000,Walker2d-v3,SYS_QRDW,395000,395000
80,3973.3530303776347,800000,Walker2d-v3,SYS_QRDW,400000,400000
81,4062.899348004327,810000,Walker2d-v3,SYS_QRDW,405000,405000
82,3704.836226083399,820000,Walker2d-v3,SYS_QRDW,410000,410000
83,4213.939152485144,830000,Walker2d-v3,SYS_QRDW,415000,415000
84,4032.253135065229,840000,Walker2d-v3,SYS_QRDW,420000,420000
85,4038.604580829375,850000,Walker2d-v3,SYS_QRDW,425000,425000
86,4067.113773495783,860000,Walker2d-v3,SYS_QRDW,430000,430000
87,4023.2025424938092,870000,Walker2d-v3,SYS_QRDW,435000,435000
88,3967.014684303895,880000,Walker2d-v3,SYS_QRDW,440000,440000
89,3931.784150723675,890000,Walker2d-v3,SYS_QRDW,445000,445000
90,3968.813859089377,900000,Walker2d-v3,SYS_QRDW,450000,450000
91,3895.629054731842,910000,Walker2d-v3,SYS_QRDW,455000,455000
92,3884.5258816567048,920000,Walker2d-v3,SYS_QRDW,460000,460000
93,3864.1263699358447,930000,Walker2d-v3,SYS_QRDW,465000,465000
94,4140.381864780396,940000,Walker2d-v3,SYS_QRDW,470000,470000
95,4012.367462743503,950000,Walker2d-v3,SYS_QRDW,475000,475000
96,3960.251722893468,960000,Walker2d-v3,SYS_QRDW,480000,480000
97,4091.2544355007094,970000,Walker2d-v3,SYS_QRDW,485000,485000
98,3786.239156067639,980000,Walker2d-v3,SYS_QRDW,490000,490000
99,3852.849076161624,990000,Walker2d-v3,SYS_QRDW,495000,495000
100,4166.73466380207,1000000,Walker2d-v3,SYS_QRDW,500000,500000
