index,Average Returns,Timesteps,env,algorithm_name,Actor Training Times,Actor Training Steps
0,-6.179638476603223,0,Walker2d-v3,TD3,0,0
1,-6.179638476603223,10000,Walker2d-v3,TD3,5000,5000
2,178.54521725019356,20000,Walker2d-v3,TD3,10000,10000
3,131.3276676538796,30000,Walker2d-v3,TD3,15000,15000
4,271.6098850579156,40000,Walker2d-v3,TD3,20000,20000
5,161.7797010979873,50000,Walker2d-v3,TD3,25000,25000
6,305.3176207534654,60000,Walker2d-v3,TD3,30000,30000
7,345.7544477669793,70000,Walker2d-v3,TD3,35000,35000
8,413.64288451182114,80000,Walker2d-v3,TD3,40000,40000
9,338.6608071674491,90000,Walker2d-v3,TD3,45000,45000
10,389.2607561812142,100000,Walker2d-v3,TD3,50000,50000
11,326.8632051841977,110000,Walker2d-v3,TD3,55000,55000
12,318.93802132120493,120000,Walker2d-v3,TD3,60000,60000
13,345.51394047342285,130000,Walker2d-v3,TD3,65000,65000
14,361.76674418562516,140000,Walker2d-v3,TD3,70000,70000
15,408.32292703513986,150000,Walker2d-v3,TD3,75000,75000
16,575.0452008461102,160000,Walker2d-v3,TD3,80000,80000
17,441.13808579995276,170000,Walker2d-v3,TD3,85000,85000
18,427.0090186519275,180000,Walker2d-v3,TD3,90000,90000
19,431.051372051082,190000,Walker2d-v3,TD3,95000,95000
20,426.99136323371596,200000,Walker2d-v3,TD3,100000,100000
21,502.4926373107286,210000,Walker2d-v3,TD3,105000,105000
22,707.8580209772133,220000,Walker2d-v3,TD3,110000,110000
23,919.6525454889546,230000,Walker2d-v3,TD3,115000,115000
24,814.9554312829152,240000,Walker2d-v3,TD3,120000,120000
25,742.3395102313702,250000,Walker2d-v3,TD3,125000,125000
26,787.8137097660926,260000,Walker2d-v3,TD3,130000,130000
27,1100.7560536087235,270000,Walker2d-v3,TD3,135000,135000
28,881.7115003440438,280000,Walker2d-v3,TD3,140000,140000
29,712.3013833301244,290000,Walker2d-v3,TD3,145000,145000
30,1095.0683944949287,300000,Walker2d-v3,TD3,150000,150000
31,923.5067775148829,310000,Walker2d-v3,TD3,155000,155000
32,1195.8582997327092,320000,Walker2d-v3,TD3,160000,160000
33,607.3757550018829,330000,Walker2d-v3,TD3,165000,165000
34,877.0261290316794,340000,Walker2d-v3,TD3,170000,170000
35,144.41777728155972,350000,Walker2d-v3,TD3,175000,175000
36,2324.7298950497147,360000,Walker2d-v3,TD3,180000,180000
37,1858.7688091501602,370000,Walker2d-v3,TD3,185000,185000
38,1364.057399329501,380000,Walker2d-v3,TD3,190000,190000
39,2340.7288485112376,390000,Walker2d-v3,TD3,195000,195000
40,1904.227986259112,400000,Walker2d-v3,TD3,200000,200000
41,1216.5223807351151,410000,Walker2d-v3,TD3,205000,205000
42,2172.379344658444,420000,Walker2d-v3,TD3,210000,210000
43,1843.0890670838903,430000,Walker2d-v3,TD3,215000,215000
44,3063.811856736785,440000,Walker2d-v3,TD3,220000,220000
45,2165.2512629869325,450000,Walker2d-v3,TD3,225000,225000
46,2365.4561671116007,460000,Walker2d-v3,TD3,230000,230000
47,2489.0468472394155,470000,Walker2d-v3,TD3,235000,235000
48,3136.0171165913503,480000,Walker2d-v3,TD3,240000,240000
49,2947.6763488538013,490000,Walker2d-v3,TD3,245000,245000
50,2924.3575592819607,500000,Walker2d-v3,TD3,250000,250000
51,3397.34704351062,510000,Walker2d-v3,TD3,255000,255000
52,3011.071905565811,520000,Walker2d-v3,TD3,260000,260000
53,3506.5179020047717,530000,Walker2d-v3,TD3,265000,265000
54,3137.017115636537,540000,Walker2d-v3,TD3,270000,270000
55,2572.855472366285,550000,Walker2d-v3,TD3,275000,275000
56,1850.453676300708,560000,Walker2d-v3,TD3,280000,280000
57,939.2794948191432,570000,Walker2d-v3,TD3,285000,285000
58,1561.5661766036085,580000,Walker2d-v3,TD3,290000,290000
59,1641.6795584769775,590000,Walker2d-v3,TD3,295000,295000
60,2654.151726431307,600000,Walker2d-v3,TD3,300000,300000
61,3310.9582879520344,610000,Walker2d-v3,TD3,305000,305000
62,3031.1358651373,620000,Walker2d-v3,TD3,310000,310000
63,1681.4228357801458,630000,Walker2d-v3,TD3,315000,315000
64,3058.381635495946,640000,Walker2d-v3,TD3,320000,320000
65,2961.1634240679005,650000,Walker2d-v3,TD3,325000,325000
66,2771.4887172927197,660000,Walker2d-v3,TD3,330000,330000
67,3873.7202925637903,670000,Walker2d-v3,TD3,335000,335000
68,2457.021499861369,680000,Walker2d-v3,TD3,340000,340000
69,3395.044575159768,690000,Walker2d-v3,TD3,345000,345000
70,3757.7803988793517,700000,Walker2d-v3,TD3,350000,350000
71,3765.433840441629,710000,Walker2d-v3,TD3,355000,355000
72,3495.1685970649587,720000,Walker2d-v3,TD3,360000,360000
73,3686.492916924728,730000,Walker2d-v3,TD3,365000,365000
74,3853.042214528245,740000,Walker2d-v3,TD3,370000,370000
75,3673.1509999764007,750000,Walker2d-v3,TD3,375000,375000
76,3691.336142153927,760000,Walker2d-v3,TD3,380000,380000
77,3933.1432813505953,770000,Walker2d-v3,TD3,385000,385000
78,3705.032882914176,780000,Walker2d-v3,TD3,390000,390000
79,3566.497013992569,790000,Walker2d-v3,TD3,395000,395000
80,3772.813193264574,800000,Walker2d-v3,TD3,400000,400000
81,3529.6288572923586,810000,Walker2d-v3,TD3,405000,405000
82,3404.884722975986,820000,Walker2d-v3,TD3,410000,410000
83,4130.3522733741365,830000,Walker2d-v3,TD3,415000,415000
84,3568.341857592119,840000,Walker2d-v3,TD3,420000,420000
85,2774.938366589952,850000,Walker2d-v3,TD3,425000,425000
86,3945.4059395325016,860000,Walker2d-v3,TD3,430000,430000
87,3309.4589541047358,870000,Walker2d-v3,TD3,435000,435000
88,3669.617462622421,880000,Walker2d-v3,TD3,440000,440000
89,3569.6522993728554,890000,Walker2d-v3,TD3,445000,445000
90,3535.6255407435247,900000,Walker2d-v3,TD3,450000,450000
91,3965.810121545926,910000,Walker2d-v3,TD3,455000,455000
92,3686.4485277316057,920000,Walker2d-v3,TD3,460000,460000
93,4042.3912402635415,930000,Walker2d-v3,TD3,465000,465000
94,4026.1965712147785,940000,Walker2d-v3,TD3,470000,470000
95,4107.63971186055,950000,Walker2d-v3,TD3,475000,475000
96,3997.641608391416,960000,Walker2d-v3,TD3,480000,480000
97,3297.834145284517,970000,Walker2d-v3,TD3,485000,485000
98,4112.883761523841,980000,Walker2d-v3,TD3,490000,490000
99,3502.1188378206075,990000,Walker2d-v3,TD3,495000,495000
100,4117.461204324056,1000000,Walker2d-v3,TD3,500000,500000
