index,Average Returns,Timesteps,env,algorithm_name,Actor Training Times,Actor Training Steps
0,3.4062374974984024,0,Walker2d-v3,TD3,0,0
1,3.4062374974984024,10000,Walker2d-v3,TD3,5000,5000
2,71.90323691239982,20000,Walker2d-v3,TD3,10000,10000
3,268.7771472693911,30000,Walker2d-v3,TD3,15000,15000
4,306.5807148150723,40000,Walker2d-v3,TD3,20000,20000
5,205.152761551159,50000,Walker2d-v3,TD3,25000,25000
6,377.1255582436203,60000,Walker2d-v3,TD3,30000,30000
7,393.0621045485262,70000,Walker2d-v3,TD3,35000,35000
8,384.99931830629026,80000,Walker2d-v3,TD3,40000,40000
9,929.3433647465567,90000,Walker2d-v3,TD3,45000,45000
10,352.15975248841966,100000,Walker2d-v3,TD3,50000,50000
11,410.2589309939994,110000,Walker2d-v3,TD3,55000,55000
12,473.8716419994206,120000,Walker2d-v3,TD3,60000,60000
13,612.5695186892917,130000,Walker2d-v3,TD3,65000,65000
14,736.5086406836161,140000,Walker2d-v3,TD3,70000,70000
15,1075.0389879359618,150000,Walker2d-v3,TD3,75000,75000
16,808.1145027877988,160000,Walker2d-v3,TD3,80000,80000
17,725.6663257651646,170000,Walker2d-v3,TD3,85000,85000
18,905.9157028335832,180000,Walker2d-v3,TD3,90000,90000
19,746.8427740721429,190000,Walker2d-v3,TD3,95000,95000
20,822.9673570574236,200000,Walker2d-v3,TD3,100000,100000
21,898.1578598823078,210000,Walker2d-v3,TD3,105000,105000
22,885.2443207149214,220000,Walker2d-v3,TD3,110000,110000
23,758.9090532216263,230000,Walker2d-v3,TD3,115000,115000
24,884.4753857464298,240000,Walker2d-v3,TD3,120000,120000
25,317.33152618429335,250000,Walker2d-v3,TD3,125000,125000
26,507.95506631504304,260000,Walker2d-v3,TD3,130000,130000
27,717.9156133400337,270000,Walker2d-v3,TD3,135000,135000
28,168.0422126636991,280000,Walker2d-v3,TD3,140000,140000
29,1113.3574122168263,290000,Walker2d-v3,TD3,145000,145000
30,748.0186139412424,300000,Walker2d-v3,TD3,150000,150000
31,699.0820248347675,310000,Walker2d-v3,TD3,155000,155000
32,629.361926804568,320000,Walker2d-v3,TD3,160000,160000
33,1069.1722266653765,330000,Walker2d-v3,TD3,165000,165000
34,1111.130388662668,340000,Walker2d-v3,TD3,170000,170000
35,824.1491279216963,350000,Walker2d-v3,TD3,175000,175000
36,847.9371581598876,360000,Walker2d-v3,TD3,180000,180000
37,1072.2813881772006,370000,Walker2d-v3,TD3,185000,185000
38,1030.0694899869184,380000,Walker2d-v3,TD3,190000,190000
39,1209.7216821974926,390000,Walker2d-v3,TD3,195000,195000
40,1293.6336397735326,400000,Walker2d-v3,TD3,200000,200000
41,2152.226171774193,410000,Walker2d-v3,TD3,205000,205000
42,1088.3917734736278,420000,Walker2d-v3,TD3,210000,210000
43,1738.1095050859415,430000,Walker2d-v3,TD3,215000,215000
44,990.4649250964999,440000,Walker2d-v3,TD3,220000,220000
45,1159.0730880047067,450000,Walker2d-v3,TD3,225000,225000
46,1753.403523696345,460000,Walker2d-v3,TD3,230000,230000
47,1973.2329546114447,470000,Walker2d-v3,TD3,235000,235000
48,1860.9077341918012,480000,Walker2d-v3,TD3,240000,240000
49,1398.1619219227698,490000,Walker2d-v3,TD3,245000,245000
50,1628.1476881099854,500000,Walker2d-v3,TD3,250000,250000
51,2009.0334025784118,510000,Walker2d-v3,TD3,255000,255000
52,2137.754315671138,520000,Walker2d-v3,TD3,260000,260000
53,2317.5281385161693,530000,Walker2d-v3,TD3,265000,265000
54,2758.6606567580684,540000,Walker2d-v3,TD3,270000,270000
55,3335.481211704606,550000,Walker2d-v3,TD3,275000,275000
56,3032.733059375761,560000,Walker2d-v3,TD3,280000,280000
57,3354.1245632176538,570000,Walker2d-v3,TD3,285000,285000
58,2230.9574798697117,580000,Walker2d-v3,TD3,290000,290000
59,1473.461456091616,590000,Walker2d-v3,TD3,295000,295000
60,2810.9857685058546,600000,Walker2d-v3,TD3,300000,300000
61,647.3242537599369,610000,Walker2d-v3,TD3,305000,305000
62,3202.364615879037,620000,Walker2d-v3,TD3,310000,310000
63,2927.591917506799,630000,Walker2d-v3,TD3,315000,315000
64,3275.9721339557104,640000,Walker2d-v3,TD3,320000,320000
65,1823.8393851366066,650000,Walker2d-v3,TD3,325000,325000
66,2669.7805177691416,660000,Walker2d-v3,TD3,330000,330000
67,3631.688233779284,670000,Walker2d-v3,TD3,335000,335000
68,3877.4580087898494,680000,Walker2d-v3,TD3,340000,340000
69,3525.0038029668517,690000,Walker2d-v3,TD3,345000,345000
70,2506.7946628515438,700000,Walker2d-v3,TD3,350000,350000
71,3127.1902313476653,710000,Walker2d-v3,TD3,355000,355000
72,3842.800767109521,720000,Walker2d-v3,TD3,360000,360000
73,3881.0457116688863,730000,Walker2d-v3,TD3,365000,365000
74,3867.7882943123186,740000,Walker2d-v3,TD3,370000,370000
75,4123.0458539575575,750000,Walker2d-v3,TD3,375000,375000
76,3723.76511385664,760000,Walker2d-v3,TD3,380000,380000
77,3176.520354677582,770000,Walker2d-v3,TD3,385000,385000
78,3782.295768998617,780000,Walker2d-v3,TD3,390000,390000
79,3780.2086680482334,790000,Walker2d-v3,TD3,395000,395000
80,3951.044733378584,800000,Walker2d-v3,TD3,400000,400000
81,3964.6475642101623,810000,Walker2d-v3,TD3,405000,405000
82,4151.221894537713,820000,Walker2d-v3,TD3,410000,410000
83,4163.060354755983,830000,Walker2d-v3,TD3,415000,415000
84,4055.1241731263567,840000,Walker2d-v3,TD3,420000,420000
85,4043.350514711371,850000,Walker2d-v3,TD3,425000,425000
86,4116.5885273652275,860000,Walker2d-v3,TD3,430000,430000
87,3995.284993015346,870000,Walker2d-v3,TD3,435000,435000
88,3938.995113040842,880000,Walker2d-v3,TD3,440000,440000
89,4127.4531462007535,890000,Walker2d-v3,TD3,445000,445000
90,4148.011777577076,900000,Walker2d-v3,TD3,450000,450000
91,4042.4283011289203,910000,Walker2d-v3,TD3,455000,455000
92,4394.582695207911,920000,Walker2d-v3,TD3,460000,460000
93,3818.6722610246734,930000,Walker2d-v3,TD3,465000,465000
94,4377.754149072479,940000,Walker2d-v3,TD3,470000,470000
95,4284.121653829601,950000,Walker2d-v3,TD3,475000,475000
96,4541.512144560284,960000,Walker2d-v3,TD3,480000,480000
97,3684.1981865706666,970000,Walker2d-v3,TD3,485000,485000
98,4475.923485884196,980000,Walker2d-v3,TD3,490000,490000
99,4509.261714372511,990000,Walker2d-v3,TD3,495000,495000
100,4439.560607673048,1000000,Walker2d-v3,TD3,500000,500000
