index,Average Returns,Timesteps,env,algorithm_name,Actor Training Times,Actor Training Steps
0,-4.827616227411284,0,Walker2d-v3,TD3,0,0
1,-4.827616227411284,10000,Walker2d-v3,TD3,5000,5000
2,124.18808837405425,20000,Walker2d-v3,TD3,10000,10000
3,347.9031062584942,30000,Walker2d-v3,TD3,15000,15000
4,230.35363983838081,40000,Walker2d-v3,TD3,20000,20000
5,382.459867368424,50000,Walker2d-v3,TD3,25000,25000
6,366.24202543504646,60000,Walker2d-v3,TD3,30000,30000
7,471.74611857997763,70000,Walker2d-v3,TD3,35000,35000
8,375.5777743656693,80000,Walker2d-v3,TD3,40000,40000
9,369.08126630564885,90000,Walker2d-v3,TD3,45000,45000
10,246.791724992633,100000,Walker2d-v3,TD3,50000,50000
11,133.14310100939952,110000,Walker2d-v3,TD3,55000,55000
12,309.72076229342684,120000,Walker2d-v3,TD3,60000,60000
13,529.673072314097,130000,Walker2d-v3,TD3,65000,65000
14,1021.0348576035736,140000,Walker2d-v3,TD3,70000,70000
15,531.0320430120887,150000,Walker2d-v3,TD3,75000,75000
16,1029.8874597002666,160000,Walker2d-v3,TD3,80000,80000
17,369.1366341856372,170000,Walker2d-v3,TD3,85000,85000
18,551.8628058011496,180000,Walker2d-v3,TD3,90000,90000
19,272.75832467786233,190000,Walker2d-v3,TD3,95000,95000
20,589.1154895180729,200000,Walker2d-v3,TD3,100000,100000
21,1167.179897789491,210000,Walker2d-v3,TD3,105000,105000
22,868.5061016815511,220000,Walker2d-v3,TD3,110000,110000
23,551.1332707604909,230000,Walker2d-v3,TD3,115000,115000
24,2159.8908545933486,240000,Walker2d-v3,TD3,120000,120000
25,1881.6889148110376,250000,Walker2d-v3,TD3,125000,125000
26,515.1197995782669,260000,Walker2d-v3,TD3,130000,130000
27,1286.0654711437787,270000,Walker2d-v3,TD3,135000,135000
28,1061.078586316588,280000,Walker2d-v3,TD3,140000,140000
29,1816.0361202470046,290000,Walker2d-v3,TD3,145000,145000
30,1807.6047847249035,300000,Walker2d-v3,TD3,150000,150000
31,2664.6766853578492,310000,Walker2d-v3,TD3,155000,155000
32,1749.023828058297,320000,Walker2d-v3,TD3,160000,160000
33,2815.4677687241333,330000,Walker2d-v3,TD3,165000,165000
34,3237.6687636054166,340000,Walker2d-v3,TD3,170000,170000
35,2430.288388611173,350000,Walker2d-v3,TD3,175000,175000
36,3296.748901898753,360000,Walker2d-v3,TD3,180000,180000
37,3649.2060353269576,370000,Walker2d-v3,TD3,185000,185000
38,3658.183557764277,380000,Walker2d-v3,TD3,190000,190000
39,3797.4434649987734,390000,Walker2d-v3,TD3,195000,195000
40,3303.6434943941413,400000,Walker2d-v3,TD3,200000,200000
41,1691.1905019559,410000,Walker2d-v3,TD3,205000,205000
42,3949.600995907284,420000,Walker2d-v3,TD3,210000,210000
43,1759.9065760121357,430000,Walker2d-v3,TD3,215000,215000
44,3527.541272367548,440000,Walker2d-v3,TD3,220000,220000
45,2834.520839374364,450000,Walker2d-v3,TD3,225000,225000
46,3898.504590579717,460000,Walker2d-v3,TD3,230000,230000
47,3949.236411867473,470000,Walker2d-v3,TD3,235000,235000
48,3969.2608086149535,480000,Walker2d-v3,TD3,240000,240000
49,2175.0407803449148,490000,Walker2d-v3,TD3,245000,245000
50,4149.481183150239,500000,Walker2d-v3,TD3,250000,250000
51,3943.396432155536,510000,Walker2d-v3,TD3,255000,255000
52,3965.088383244864,520000,Walker2d-v3,TD3,260000,260000
53,2787.3072146644,530000,Walker2d-v3,TD3,265000,265000
54,4139.056924673221,540000,Walker2d-v3,TD3,270000,270000
55,4066.9767113329167,550000,Walker2d-v3,TD3,275000,275000
56,3640.0541462498895,560000,Walker2d-v3,TD3,280000,280000
57,3868.9538539272,570000,Walker2d-v3,TD3,285000,285000
58,3915.962141353881,580000,Walker2d-v3,TD3,290000,290000
59,4061.4198695307396,590000,Walker2d-v3,TD3,295000,295000
60,4095.961700156554,600000,Walker2d-v3,TD3,300000,300000
61,4203.464051842058,610000,Walker2d-v3,TD3,305000,305000
62,4126.041738801088,620000,Walker2d-v3,TD3,310000,310000
63,4086.174745193523,630000,Walker2d-v3,TD3,315000,315000
64,4185.169670358702,640000,Walker2d-v3,TD3,320000,320000
65,4066.402990413474,650000,Walker2d-v3,TD3,325000,325000
66,3999.7373331523104,660000,Walker2d-v3,TD3,330000,330000
67,4156.168587481633,670000,Walker2d-v3,TD3,335000,335000
68,4120.915151628414,680000,Walker2d-v3,TD3,340000,340000
69,4167.652352977358,690000,Walker2d-v3,TD3,345000,345000
70,3995.00153975233,700000,Walker2d-v3,TD3,350000,350000
71,3917.2063211785216,710000,Walker2d-v3,TD3,355000,355000
72,4060.5930274150596,720000,Walker2d-v3,TD3,360000,360000
73,4110.7660168550565,730000,Walker2d-v3,TD3,365000,365000
74,4138.276849161741,740000,Walker2d-v3,TD3,370000,370000
75,4260.513295174707,750000,Walker2d-v3,TD3,375000,375000
76,4197.845119743962,760000,Walker2d-v3,TD3,380000,380000
77,4080.8555334078205,770000,Walker2d-v3,TD3,385000,385000
78,4016.058371469708,780000,Walker2d-v3,TD3,390000,390000
79,4273.083411057712,790000,Walker2d-v3,TD3,395000,395000
80,4122.533125173016,800000,Walker2d-v3,TD3,400000,400000
81,4102.443880377184,810000,Walker2d-v3,TD3,405000,405000
82,4008.114526174545,820000,Walker2d-v3,TD3,410000,410000
83,3980.2162056119896,830000,Walker2d-v3,TD3,415000,415000
84,4215.650280570922,840000,Walker2d-v3,TD3,420000,420000
85,4046.960607527964,850000,Walker2d-v3,TD3,425000,425000
86,4128.290571785945,860000,Walker2d-v3,TD3,430000,430000
87,4123.268008471603,870000,Walker2d-v3,TD3,435000,435000
88,3976.3409144024654,880000,Walker2d-v3,TD3,440000,440000
89,4114.390057355874,890000,Walker2d-v3,TD3,445000,445000
90,4273.053882036589,900000,Walker2d-v3,TD3,450000,450000
91,4181.6691911069265,910000,Walker2d-v3,TD3,455000,455000
92,4247.218976056547,920000,Walker2d-v3,TD3,460000,460000
93,4212.554183409595,930000,Walker2d-v3,TD3,465000,465000
94,4119.559269972969,940000,Walker2d-v3,TD3,470000,470000
95,4113.481754462298,950000,Walker2d-v3,TD3,475000,475000
96,3960.2364183857617,960000,Walker2d-v3,TD3,480000,480000
97,4122.42790716353,970000,Walker2d-v3,TD3,485000,485000
98,4148.699253125266,980000,Walker2d-v3,TD3,490000,490000
99,4212.1633356839175,990000,Walker2d-v3,TD3,495000,495000
100,4174.570747598126,1000000,Walker2d-v3,TD3,500000,500000
