index,Average Returns,Timesteps,env,algorithm_name,Actor Training Times,Actor Training Steps
0,280.4048056817281,0,Hopper-v3,DDPG,0,0
1,280.4048056817281,10000,Hopper-v3,DDPG,5000,5000
2,157.63125862580523,20000,Hopper-v3,DDPG,10000,10000
3,187.84988597478105,30000,Hopper-v3,DDPG,15000,15000
4,197.7287786122121,40000,Hopper-v3,DDPG,20000,20000
5,172.32914549865842,50000,Hopper-v3,DDPG,25000,25000
6,157.12520895029246,60000,Hopper-v3,DDPG,30000,30000
7,228.57712434237718,70000,Hopper-v3,DDPG,35000,35000
8,228.39873130116402,80000,Hopper-v3,DDPG,40000,40000
9,269.6339742436644,90000,Hopper-v3,DDPG,45000,45000
10,219.19965823433554,100000,Hopper-v3,DDPG,50000,50000
11,296.01171752992997,110000,Hopper-v3,DDPG,55000,55000
12,19.677049620312648,120000,Hopper-v3,DDPG,60000,60000
13,241.36087742351327,130000,Hopper-v3,DDPG,65000,65000
14,274.7876671081916,140000,Hopper-v3,DDPG,70000,70000
15,38.39761517673335,150000,Hopper-v3,DDPG,75000,75000
16,261.5939585092784,160000,Hopper-v3,DDPG,80000,80000
17,554.2178229030521,170000,Hopper-v3,DDPG,85000,85000
18,210.33347661503853,180000,Hopper-v3,DDPG,90000,90000
19,154.97883805066002,190000,Hopper-v3,DDPG,95000,95000
20,368.8504036893384,200000,Hopper-v3,DDPG,100000,100000
21,259.0751768341917,210000,Hopper-v3,DDPG,105000,105000
22,263.60575173497875,220000,Hopper-v3,DDPG,110000,110000
23,302.41656419130265,230000,Hopper-v3,DDPG,115000,115000
24,46.11279161629086,240000,Hopper-v3,DDPG,120000,120000
25,268.3538048894433,250000,Hopper-v3,DDPG,125000,125000
26,247.1774031712884,260000,Hopper-v3,DDPG,130000,130000
27,232.30164062819827,270000,Hopper-v3,DDPG,135000,135000
28,195.1228354962957,280000,Hopper-v3,DDPG,140000,140000
29,14.711282776350858,290000,Hopper-v3,DDPG,145000,145000
30,242.6263404030048,300000,Hopper-v3,DDPG,150000,150000
31,290.67690414448987,310000,Hopper-v3,DDPG,155000,155000
32,110.40448198570525,320000,Hopper-v3,DDPG,160000,160000
33,24.968440785004496,330000,Hopper-v3,DDPG,165000,165000
34,1003.2011910605974,340000,Hopper-v3,DDPG,170000,170000
35,1014.2240317747411,350000,Hopper-v3,DDPG,175000,175000
36,1005.9677921229812,360000,Hopper-v3,DDPG,180000,180000
37,928.9990300432387,370000,Hopper-v3,DDPG,185000,185000
38,239.09859275123344,380000,Hopper-v3,DDPG,190000,190000
39,260.6494739488486,390000,Hopper-v3,DDPG,195000,195000
40,265.32384137831434,400000,Hopper-v3,DDPG,200000,200000
41,288.03714236398673,410000,Hopper-v3,DDPG,205000,205000
42,298.6213117106948,420000,Hopper-v3,DDPG,210000,210000
43,319.99446023671294,430000,Hopper-v3,DDPG,215000,215000
44,967.2542769864748,440000,Hopper-v3,DDPG,220000,220000
45,1045.7484070052767,450000,Hopper-v3,DDPG,225000,225000
46,172.5325893429879,460000,Hopper-v3,DDPG,230000,230000
47,224.72976007879726,470000,Hopper-v3,DDPG,235000,235000
48,286.2881881025372,480000,Hopper-v3,DDPG,240000,240000
49,220.34473860359213,490000,Hopper-v3,DDPG,245000,245000
50,241.39094458316052,500000,Hopper-v3,DDPG,250000,250000
51,268.5157459127137,510000,Hopper-v3,DDPG,255000,255000
52,270.87456624430246,520000,Hopper-v3,DDPG,260000,260000
53,59.42617985717534,530000,Hopper-v3,DDPG,265000,265000
54,32.54653064749782,540000,Hopper-v3,DDPG,270000,270000
55,970.3155066822972,550000,Hopper-v3,DDPG,275000,275000
56,247.16415892539717,560000,Hopper-v3,DDPG,280000,280000
57,234.69940540494133,570000,Hopper-v3,DDPG,285000,285000
58,135.95193219811034,580000,Hopper-v3,DDPG,290000,290000
59,141.24282402317908,590000,Hopper-v3,DDPG,295000,295000
60,248.83139989953426,600000,Hopper-v3,DDPG,300000,300000
61,982.1154055156552,610000,Hopper-v3,DDPG,305000,305000
62,1040.33488980816,620000,Hopper-v3,DDPG,310000,310000
63,235.11699069945075,630000,Hopper-v3,DDPG,315000,315000
64,187.9302713230281,640000,Hopper-v3,DDPG,320000,320000
65,210.16946858658784,650000,Hopper-v3,DDPG,325000,325000
66,268.9210830210945,660000,Hopper-v3,DDPG,330000,330000
67,272.51043313835794,670000,Hopper-v3,DDPG,335000,335000
68,291.6773645090701,680000,Hopper-v3,DDPG,340000,340000
69,263.75195600067866,690000,Hopper-v3,DDPG,345000,345000
70,300.9519442313955,700000,Hopper-v3,DDPG,350000,350000
71,239.8509289604977,710000,Hopper-v3,DDPG,355000,355000
72,267.72226001218985,720000,Hopper-v3,DDPG,360000,360000
73,306.09728260792656,730000,Hopper-v3,DDPG,365000,365000
74,317.28839334236864,740000,Hopper-v3,DDPG,370000,370000
75,297.34366570240206,750000,Hopper-v3,DDPG,375000,375000
76,136.24677040173412,760000,Hopper-v3,DDPG,380000,380000
77,966.7250894516417,770000,Hopper-v3,DDPG,385000,385000
78,960.1822973688608,780000,Hopper-v3,DDPG,390000,390000
79,1020.0531197150044,790000,Hopper-v3,DDPG,395000,395000
80,1038.739037672051,800000,Hopper-v3,DDPG,400000,400000
81,232.7900964076144,810000,Hopper-v3,DDPG,405000,405000
82,261.5051885539959,820000,Hopper-v3,DDPG,410000,410000
83,18.13800435803775,830000,Hopper-v3,DDPG,415000,415000
84,1037.9032102020924,840000,Hopper-v3,DDPG,420000,420000
85,1059.4468020992797,850000,Hopper-v3,DDPG,425000,425000
86,335.9556546334692,860000,Hopper-v3,DDPG,430000,430000
87,465.79092358896895,870000,Hopper-v3,DDPG,435000,435000
88,410.9466413717532,880000,Hopper-v3,DDPG,440000,440000
89,996.9450268510865,890000,Hopper-v3,DDPG,445000,445000
90,754.6796569663001,900000,Hopper-v3,DDPG,450000,450000
91,1061.8836329316796,910000,Hopper-v3,DDPG,455000,455000
92,1060.6581434620996,920000,Hopper-v3,DDPG,460000,460000
93,867.0240863521127,930000,Hopper-v3,DDPG,465000,465000
94,199.8034012264513,940000,Hopper-v3,DDPG,470000,470000
95,326.09553940904095,950000,Hopper-v3,DDPG,475000,475000
96,31.71106409615285,960000,Hopper-v3,DDPG,480000,480000
97,210.616194755143,970000,Hopper-v3,DDPG,485000,485000
98,348.06073969328173,980000,Hopper-v3,DDPG,490000,490000
99,352.3857098228649,990000,Hopper-v3,DDPG,495000,495000
100,229.9298711844968,1000000,Hopper-v3,DDPG,500000,500000
