index,Average Returns,Timesteps,env,algorithm_name,Actor Training Times,Actor Training Steps
0,998.6676426438519,0,Ant-v3,SYS_QRDW,0,0
1,998.6676426438519,10000,Ant-v3,SYS_QRDW,5000,5000
2,373.28742503069236,20000,Ant-v3,SYS_QRDW,10000,10000
3,490.22949272342936,30000,Ant-v3,SYS_QRDW,15000,15000
4,661.6335340899576,40000,Ant-v3,SYS_QRDW,20000,20000
5,724.6786550387691,50000,Ant-v3,SYS_QRDW,25000,25000
6,818.0376360606476,60000,Ant-v3,SYS_QRDW,30000,30000
7,728.7641340040262,70000,Ant-v3,SYS_QRDW,35000,35000
8,878.9490191969714,80000,Ant-v3,SYS_QRDW,40000,40000
9,864.2369758021354,90000,Ant-v3,SYS_QRDW,45000,45000
10,895.6137749519215,100000,Ant-v3,SYS_QRDW,50000,50000
11,959.2845075237958,110000,Ant-v3,SYS_QRDW,55000,55000
12,889.3487262924791,120000,Ant-v3,SYS_QRDW,60000,60000
13,975.2091646338316,130000,Ant-v3,SYS_QRDW,65000,65000
14,948.2952639539217,140000,Ant-v3,SYS_QRDW,70000,70000
15,992.1369591458208,150000,Ant-v3,SYS_QRDW,75000,75000
16,1039.0243688412522,160000,Ant-v3,SYS_QRDW,80000,80000
17,1025.5366652564023,170000,Ant-v3,SYS_QRDW,85000,85000
18,914.2868048018236,180000,Ant-v3,SYS_QRDW,90000,90000
19,1029.479200828887,190000,Ant-v3,SYS_QRDW,95000,95000
20,664.8476281527591,200000,Ant-v3,SYS_QRDW,100000,100000
21,1096.2064792249319,210000,Ant-v3,SYS_QRDW,105000,105000
22,1688.8597050014514,220000,Ant-v3,SYS_QRDW,110000,110000
23,1077.9037638248792,230000,Ant-v3,SYS_QRDW,115000,115000
24,1345.4408966910862,240000,Ant-v3,SYS_QRDW,120000,120000
25,1859.3447719419946,250000,Ant-v3,SYS_QRDW,125000,125000
26,775.9109754208414,260000,Ant-v3,SYS_QRDW,130000,130000
27,1260.3512737420756,270000,Ant-v3,SYS_QRDW,135000,135000
28,1304.2938346535311,280000,Ant-v3,SYS_QRDW,140000,140000
29,1535.9474067079636,290000,Ant-v3,SYS_QRDW,145000,145000
30,1745.7468263224914,300000,Ant-v3,SYS_QRDW,150000,150000
31,2230.32910128046,310000,Ant-v3,SYS_QRDW,155000,155000
32,1301.3558028765385,320000,Ant-v3,SYS_QRDW,160000,160000
33,1864.61679977193,330000,Ant-v3,SYS_QRDW,165000,165000
34,1709.2144507535886,340000,Ant-v3,SYS_QRDW,170000,170000
35,1388.5718771925408,350000,Ant-v3,SYS_QRDW,175000,175000
36,2523.6094877175765,360000,Ant-v3,SYS_QRDW,180000,180000
37,2910.7282986730543,370000,Ant-v3,SYS_QRDW,185000,185000
38,1809.567299719285,380000,Ant-v3,SYS_QRDW,190000,190000
39,3089.6440749424182,390000,Ant-v3,SYS_QRDW,195000,195000
40,3270.7641376625115,400000,Ant-v3,SYS_QRDW,200000,200000
41,4098.834029998121,410000,Ant-v3,SYS_QRDW,205000,205000
42,4184.65009179754,420000,Ant-v3,SYS_QRDW,210000,210000
43,3761.0822689365255,430000,Ant-v3,SYS_QRDW,215000,215000
44,3886.116603001387,440000,Ant-v3,SYS_QRDW,220000,220000
45,3955.6107324715413,450000,Ant-v3,SYS_QRDW,225000,225000
46,3661.882196005589,460000,Ant-v3,SYS_QRDW,230000,230000
47,4284.141053339261,470000,Ant-v3,SYS_QRDW,235000,235000
48,4070.613145670145,480000,Ant-v3,SYS_QRDW,240000,240000
49,4618.830568223258,490000,Ant-v3,SYS_QRDW,245000,245000
50,4281.498431858481,500000,Ant-v3,SYS_QRDW,250000,250000
51,3565.245219703418,510000,Ant-v3,SYS_QRDW,255000,255000
52,3598.2281689210913,520000,Ant-v3,SYS_QRDW,260000,260000
53,5001.251479286306,530000,Ant-v3,SYS_QRDW,265000,265000
54,3856.332292679115,540000,Ant-v3,SYS_QRDW,270000,270000
55,4674.5106964307615,550000,Ant-v3,SYS_QRDW,275000,275000
56,3061.456781624315,560000,Ant-v3,SYS_QRDW,280000,280000
57,5292.351589416912,570000,Ant-v3,SYS_QRDW,285000,285000
58,5231.683315373001,580000,Ant-v3,SYS_QRDW,290000,290000
59,5046.134704749321,590000,Ant-v3,SYS_QRDW,295000,295000
60,5270.776756927363,600000,Ant-v3,SYS_QRDW,300000,300000
61,5307.9959606182865,610000,Ant-v3,SYS_QRDW,305000,305000
62,5309.017805454361,620000,Ant-v3,SYS_QRDW,310000,310000
63,5347.230980519989,630000,Ant-v3,SYS_QRDW,315000,315000
64,5444.731141593054,640000,Ant-v3,SYS_QRDW,320000,320000
65,3966.985312701092,650000,Ant-v3,SYS_QRDW,325000,325000
66,3685.3222367935523,660000,Ant-v3,SYS_QRDW,330000,330000
67,5484.494862040373,670000,Ant-v3,SYS_QRDW,335000,335000
68,5534.538978571441,680000,Ant-v3,SYS_QRDW,340000,340000
69,4791.94650404601,690000,Ant-v3,SYS_QRDW,345000,345000
70,4895.008013460989,700000,Ant-v3,SYS_QRDW,350000,350000
71,5584.238769677897,710000,Ant-v3,SYS_QRDW,355000,355000
72,5422.194630330791,720000,Ant-v3,SYS_QRDW,360000,360000
73,4872.366054707107,730000,Ant-v3,SYS_QRDW,365000,365000
74,5115.488112513573,740000,Ant-v3,SYS_QRDW,370000,370000
75,5794.369913517397,750000,Ant-v3,SYS_QRDW,375000,375000
76,5708.852676178326,760000,Ant-v3,SYS_QRDW,380000,380000
77,5017.418417087431,770000,Ant-v3,SYS_QRDW,385000,385000
78,4971.879740165602,780000,Ant-v3,SYS_QRDW,390000,390000
79,5423.004922318956,790000,Ant-v3,SYS_QRDW,395000,395000
80,5735.223495406345,800000,Ant-v3,SYS_QRDW,400000,400000
81,4927.511240151903,810000,Ant-v3,SYS_QRDW,405000,405000
82,5659.285792307138,820000,Ant-v3,SYS_QRDW,410000,410000
83,5682.411010363897,830000,Ant-v3,SYS_QRDW,415000,415000
84,5868.215986711067,840000,Ant-v3,SYS_QRDW,420000,420000
85,4848.223751110932,850000,Ant-v3,SYS_QRDW,425000,425000
86,4791.959918553473,860000,Ant-v3,SYS_QRDW,430000,430000
87,5279.047922332491,870000,Ant-v3,SYS_QRDW,435000,435000
88,4534.543562004208,880000,Ant-v3,SYS_QRDW,440000,440000
89,5656.840204057736,890000,Ant-v3,SYS_QRDW,445000,445000
90,5923.603896105877,900000,Ant-v3,SYS_QRDW,450000,450000
91,5894.742306125603,910000,Ant-v3,SYS_QRDW,455000,455000
92,5808.775381436009,920000,Ant-v3,SYS_QRDW,460000,460000
93,5390.642492130088,930000,Ant-v3,SYS_QRDW,465000,465000
94,4682.521884709853,940000,Ant-v3,SYS_QRDW,470000,470000
95,5541.210426384289,950000,Ant-v3,SYS_QRDW,475000,475000
96,4216.698115956236,960000,Ant-v3,SYS_QRDW,480000,480000
97,5395.097752537055,970000,Ant-v3,SYS_QRDW,485000,485000
98,5822.380770573725,980000,Ant-v3,SYS_QRDW,490000,490000
99,5831.522346088935,990000,Ant-v3,SYS_QRDW,495000,495000
100,5715.375666053715,1000000,Ant-v3,SYS_QRDW,500000,500000
