index,Average Returns,Timesteps,env,algorithm_name,Actor Training Times,Actor Training Steps
0,-1.846531735639716,0,HalfCheetah-v3,TD3,0,0
1,-1.846531735639716,10000,HalfCheetah-v3,TD3,5000,5000
2,-505.88161916679934,20000,HalfCheetah-v3,TD3,10000,10000
3,728.9372888804512,30000,HalfCheetah-v3,TD3,15000,15000
4,1959.3222225544018,40000,HalfCheetah-v3,TD3,20000,20000
5,2865.1362829278532,50000,HalfCheetah-v3,TD3,25000,25000
6,3214.556786915039,60000,HalfCheetah-v3,TD3,30000,30000
7,3863.111138043462,70000,HalfCheetah-v3,TD3,35000,35000
8,4256.430769176574,80000,HalfCheetah-v3,TD3,40000,40000
9,4643.552988555837,90000,HalfCheetah-v3,TD3,45000,45000
10,4642.216206747428,100000,HalfCheetah-v3,TD3,50000,50000
11,4358.32952227057,110000,HalfCheetah-v3,TD3,55000,55000
12,4872.9935366003365,120000,HalfCheetah-v3,TD3,60000,60000
13,4911.463805983788,130000,HalfCheetah-v3,TD3,65000,65000
14,5341.9711252820225,140000,HalfCheetah-v3,TD3,70000,70000
15,5250.13511384323,150000,HalfCheetah-v3,TD3,75000,75000
16,5414.111729691618,160000,HalfCheetah-v3,TD3,80000,80000
17,5223.683600739276,170000,HalfCheetah-v3,TD3,85000,85000
18,5710.624832337235,180000,HalfCheetah-v3,TD3,90000,90000
19,5544.258437134105,190000,HalfCheetah-v3,TD3,95000,95000
20,5740.591344476426,200000,HalfCheetah-v3,TD3,100000,100000
21,6142.145152592291,210000,HalfCheetah-v3,TD3,105000,105000
22,6184.722249168511,220000,HalfCheetah-v3,TD3,110000,110000
23,6186.081943040157,230000,HalfCheetah-v3,TD3,115000,115000
24,6246.508397881014,240000,HalfCheetah-v3,TD3,120000,120000
25,6381.356257552618,250000,HalfCheetah-v3,TD3,125000,125000
26,6364.4557660530345,260000,HalfCheetah-v3,TD3,130000,130000
27,6513.038277590584,270000,HalfCheetah-v3,TD3,135000,135000
28,6500.292171086893,280000,HalfCheetah-v3,TD3,140000,140000
29,6636.264570452922,290000,HalfCheetah-v3,TD3,145000,145000
30,6568.810759655387,300000,HalfCheetah-v3,TD3,150000,150000
31,6605.469224508083,310000,HalfCheetah-v3,TD3,155000,155000
32,6865.453978601524,320000,HalfCheetah-v3,TD3,160000,160000
33,6923.460192545404,330000,HalfCheetah-v3,TD3,165000,165000
34,6905.788219502317,340000,HalfCheetah-v3,TD3,170000,170000
35,6944.070461659392,350000,HalfCheetah-v3,TD3,175000,175000
36,6567.767682784006,360000,HalfCheetah-v3,TD3,180000,180000
37,6861.322886519528,370000,HalfCheetah-v3,TD3,185000,185000
38,7189.490663623705,380000,HalfCheetah-v3,TD3,190000,190000
39,7045.672198003189,390000,HalfCheetah-v3,TD3,195000,195000
40,7223.724839213147,400000,HalfCheetah-v3,TD3,200000,200000
41,6797.826825058849,410000,HalfCheetah-v3,TD3,205000,205000
42,7201.423587680857,420000,HalfCheetah-v3,TD3,210000,210000
43,7570.624338014953,430000,HalfCheetah-v3,TD3,215000,215000
44,7198.097188771421,440000,HalfCheetah-v3,TD3,220000,220000
45,7933.085267459331,450000,HalfCheetah-v3,TD3,225000,225000
46,7408.010594007256,460000,HalfCheetah-v3,TD3,230000,230000
47,7689.179828484373,470000,HalfCheetah-v3,TD3,235000,235000
48,7751.5551959522745,480000,HalfCheetah-v3,TD3,240000,240000
49,7762.1359610937025,490000,HalfCheetah-v3,TD3,245000,245000
50,7883.1829801185995,500000,HalfCheetah-v3,TD3,250000,250000
51,8150.417047360312,510000,HalfCheetah-v3,TD3,255000,255000
52,8093.422993775567,520000,HalfCheetah-v3,TD3,260000,260000
53,8233.430237016304,530000,HalfCheetah-v3,TD3,265000,265000
54,8196.73408925247,540000,HalfCheetah-v3,TD3,270000,270000
55,7861.852616594096,550000,HalfCheetah-v3,TD3,275000,275000
56,8290.493650201626,560000,HalfCheetah-v3,TD3,280000,280000
57,8267.392432935234,570000,HalfCheetah-v3,TD3,285000,285000
58,8314.439138468355,580000,HalfCheetah-v3,TD3,290000,290000
59,8503.262704090852,590000,HalfCheetah-v3,TD3,295000,295000
60,8514.731355973094,600000,HalfCheetah-v3,TD3,300000,300000
61,7502.389092856164,610000,HalfCheetah-v3,TD3,305000,305000
62,8796.391771795083,620000,HalfCheetah-v3,TD3,310000,310000
63,8614.073395733323,630000,HalfCheetah-v3,TD3,315000,315000
64,8790.671335291096,640000,HalfCheetah-v3,TD3,320000,320000
65,8831.630249780083,650000,HalfCheetah-v3,TD3,325000,325000
66,9018.183939757315,660000,HalfCheetah-v3,TD3,330000,330000
67,9128.80337834535,670000,HalfCheetah-v3,TD3,335000,335000
68,9222.522983672568,680000,HalfCheetah-v3,TD3,340000,340000
69,9193.001388801178,690000,HalfCheetah-v3,TD3,345000,345000
70,8895.152336023533,700000,HalfCheetah-v3,TD3,350000,350000
71,9381.252004025464,710000,HalfCheetah-v3,TD3,355000,355000
72,9310.263031124952,720000,HalfCheetah-v3,TD3,360000,360000
73,9418.092805971948,730000,HalfCheetah-v3,TD3,365000,365000
74,9213.464285465627,740000,HalfCheetah-v3,TD3,370000,370000
75,9347.009044563887,750000,HalfCheetah-v3,TD3,375000,375000
76,9525.826028844891,760000,HalfCheetah-v3,TD3,380000,380000
77,9443.583967727,770000,HalfCheetah-v3,TD3,385000,385000
78,9684.684906970577,780000,HalfCheetah-v3,TD3,390000,390000
79,9775.72229383133,790000,HalfCheetah-v3,TD3,395000,395000
80,9381.880803916663,800000,HalfCheetah-v3,TD3,400000,400000
81,9345.933820113054,810000,HalfCheetah-v3,TD3,405000,405000
82,9761.549192247128,820000,HalfCheetah-v3,TD3,410000,410000
83,9836.084099378724,830000,HalfCheetah-v3,TD3,415000,415000
84,9866.697209835214,840000,HalfCheetah-v3,TD3,420000,420000
85,9812.41294207611,850000,HalfCheetah-v3,TD3,425000,425000
86,9768.961116122067,860000,HalfCheetah-v3,TD3,430000,430000
87,9695.734757679304,870000,HalfCheetah-v3,TD3,435000,435000
88,9675.736039942298,880000,HalfCheetah-v3,TD3,440000,440000
89,9900.358867529292,890000,HalfCheetah-v3,TD3,445000,445000
90,9860.118973161338,900000,HalfCheetah-v3,TD3,450000,450000
91,9957.343992095894,910000,HalfCheetah-v3,TD3,455000,455000
92,9916.948014102094,920000,HalfCheetah-v3,TD3,460000,460000
93,9929.118942613266,930000,HalfCheetah-v3,TD3,465000,465000
94,9977.815854036906,940000,HalfCheetah-v3,TD3,470000,470000
95,10079.78163447697,950000,HalfCheetah-v3,TD3,475000,475000
96,10077.25858027202,960000,HalfCheetah-v3,TD3,480000,480000
97,9989.248584119654,970000,HalfCheetah-v3,TD3,485000,485000
98,10086.5111305746,980000,HalfCheetah-v3,TD3,490000,490000
99,10190.759390471034,990000,HalfCheetah-v3,TD3,495000,495000
100,10101.68452032402,1000000,HalfCheetah-v3,TD3,500000,500000
