index,Average Returns,Timesteps,env,algorithm_name,Actor Training Times,Actor Training Steps
0,189.0536310132612,0,Humanoid-v3,TD3,0,0
1,189.0536310132612,10000,Humanoid-v3,TD3,5000,5000
2,470.8966442089003,20000,Humanoid-v3,TD3,10000,10000
3,191.73899911717322,30000,Humanoid-v3,TD3,15000,15000
4,379.2614437757033,40000,Humanoid-v3,TD3,20000,20000
5,367.0840113894212,50000,Humanoid-v3,TD3,25000,25000
6,253.18452155161827,60000,Humanoid-v3,TD3,30000,30000
7,450.4595779975962,70000,Humanoid-v3,TD3,35000,35000
8,424.27627615604814,80000,Humanoid-v3,TD3,40000,40000
9,552.1783517049712,90000,Humanoid-v3,TD3,45000,45000
10,406.744765957305,100000,Humanoid-v3,TD3,50000,50000
11,477.81640216375035,110000,Humanoid-v3,TD3,55000,55000
12,628.9641038445342,120000,Humanoid-v3,TD3,60000,60000
13,464.3744124890821,130000,Humanoid-v3,TD3,65000,65000
14,494.2853045520095,140000,Humanoid-v3,TD3,70000,70000
15,427.7339431206423,150000,Humanoid-v3,TD3,75000,75000
16,544.5726616103741,160000,Humanoid-v3,TD3,80000,80000
17,543.5955164412883,170000,Humanoid-v3,TD3,85000,85000
18,562.2835269914574,180000,Humanoid-v3,TD3,90000,90000
19,661.6569484035117,190000,Humanoid-v3,TD3,95000,95000
20,656.9141786271846,200000,Humanoid-v3,TD3,100000,100000
21,590.7334477655287,210000,Humanoid-v3,TD3,105000,105000
22,660.0317508934038,220000,Humanoid-v3,TD3,110000,110000
23,796.610033708888,230000,Humanoid-v3,TD3,115000,115000
24,640.7591938654566,240000,Humanoid-v3,TD3,120000,120000
25,952.4527797584996,250000,Humanoid-v3,TD3,125000,125000
26,880.0607528484297,260000,Humanoid-v3,TD3,130000,130000
27,685.8269507310408,270000,Humanoid-v3,TD3,135000,135000
28,1194.409589126505,280000,Humanoid-v3,TD3,140000,140000
29,967.8884121757886,290000,Humanoid-v3,TD3,145000,145000
30,989.1443082472078,300000,Humanoid-v3,TD3,150000,150000
31,1773.9852983694072,310000,Humanoid-v3,TD3,155000,155000
32,1303.9809305909414,320000,Humanoid-v3,TD3,160000,160000
33,2992.4918640944024,330000,Humanoid-v3,TD3,165000,165000
34,2601.2805318599108,340000,Humanoid-v3,TD3,170000,170000
35,4162.530634377014,350000,Humanoid-v3,TD3,175000,175000
36,4172.964976696409,360000,Humanoid-v3,TD3,180000,180000
37,1422.4476823327009,370000,Humanoid-v3,TD3,185000,185000
38,3199.648271264904,380000,Humanoid-v3,TD3,190000,190000
39,3005.326966988964,390000,Humanoid-v3,TD3,195000,195000
40,3991.2489540679826,400000,Humanoid-v3,TD3,200000,200000
41,3691.331328288007,410000,Humanoid-v3,TD3,205000,205000
42,4846.206876681122,420000,Humanoid-v3,TD3,210000,210000
43,4178.657910494314,430000,Humanoid-v3,TD3,215000,215000
44,4006.2440347966185,440000,Humanoid-v3,TD3,220000,220000
45,3410.867761815573,450000,Humanoid-v3,TD3,225000,225000
46,3369.039975666113,460000,Humanoid-v3,TD3,230000,230000
47,4340.627369263577,470000,Humanoid-v3,TD3,235000,235000
48,3514.163870036937,480000,Humanoid-v3,TD3,240000,240000
49,2918.681425678302,490000,Humanoid-v3,TD3,245000,245000
50,4379.068368511356,500000,Humanoid-v3,TD3,250000,250000
51,4395.789717130962,510000,Humanoid-v3,TD3,255000,255000
52,4434.215122117529,520000,Humanoid-v3,TD3,260000,260000
53,4235.035788720752,530000,Humanoid-v3,TD3,265000,265000
54,5090.639058316479,540000,Humanoid-v3,TD3,270000,270000
55,4286.252020881192,550000,Humanoid-v3,TD3,275000,275000
56,3234.848465081258,560000,Humanoid-v3,TD3,280000,280000
57,1751.9945950358995,570000,Humanoid-v3,TD3,285000,285000
58,4687.7752450221005,580000,Humanoid-v3,TD3,290000,290000
59,4339.3171763439705,590000,Humanoid-v3,TD3,295000,295000
60,4791.773098018022,600000,Humanoid-v3,TD3,300000,300000
61,5093.652168742469,610000,Humanoid-v3,TD3,305000,305000
62,4517.772759935075,620000,Humanoid-v3,TD3,310000,310000
63,4566.077588173856,630000,Humanoid-v3,TD3,315000,315000
64,4495.319392154731,640000,Humanoid-v3,TD3,320000,320000
65,5155.035570185659,650000,Humanoid-v3,TD3,325000,325000
66,3435.467972757,660000,Humanoid-v3,TD3,330000,330000
67,5080.831179198258,670000,Humanoid-v3,TD3,335000,335000
68,4628.327854898073,680000,Humanoid-v3,TD3,340000,340000
69,5249.75540542867,690000,Humanoid-v3,TD3,345000,345000
70,5135.853169887732,700000,Humanoid-v3,TD3,350000,350000
71,5268.090671994663,710000,Humanoid-v3,TD3,355000,355000
72,5166.1394696311545,720000,Humanoid-v3,TD3,360000,360000
73,4487.613063983733,730000,Humanoid-v3,TD3,365000,365000
74,5062.21744310099,740000,Humanoid-v3,TD3,370000,370000
75,5429.708557795697,750000,Humanoid-v3,TD3,375000,375000
76,4750.194396875394,760000,Humanoid-v3,TD3,380000,380000
77,5144.587484322596,770000,Humanoid-v3,TD3,385000,385000
78,5266.9924223440385,780000,Humanoid-v3,TD3,390000,390000
79,5061.295404423885,790000,Humanoid-v3,TD3,395000,395000
80,4772.038784380155,800000,Humanoid-v3,TD3,400000,400000
81,5329.862083603346,810000,Humanoid-v3,TD3,405000,405000
82,5386.586527118242,820000,Humanoid-v3,TD3,410000,410000
83,5287.411304760067,830000,Humanoid-v3,TD3,415000,415000
84,4940.449170938632,840000,Humanoid-v3,TD3,420000,420000
85,3425.417392126229,850000,Humanoid-v3,TD3,425000,425000
86,3949.128343968973,860000,Humanoid-v3,TD3,430000,430000
87,5300.817575296188,870000,Humanoid-v3,TD3,435000,435000
88,5287.326033596405,880000,Humanoid-v3,TD3,440000,440000
89,4875.271008674303,890000,Humanoid-v3,TD3,445000,445000
90,5426.642384890025,900000,Humanoid-v3,TD3,450000,450000
91,5121.851380259364,910000,Humanoid-v3,TD3,455000,455000
92,5368.6011119858085,920000,Humanoid-v3,TD3,460000,460000
93,5279.986683537112,930000,Humanoid-v3,TD3,465000,465000
94,5348.771105885438,940000,Humanoid-v3,TD3,470000,470000
95,4884.205921493542,950000,Humanoid-v3,TD3,475000,475000
96,5392.60399429156,960000,Humanoid-v3,TD3,480000,480000
97,5417.540342022639,970000,Humanoid-v3,TD3,485000,485000
98,4985.634444093782,980000,Humanoid-v3,TD3,490000,490000
99,5389.242384299859,990000,Humanoid-v3,TD3,495000,495000
100,5435.424072362685,1000000,Humanoid-v3,TD3,500000,500000
