index,Average Returns,Timesteps,env,algorithm_name,Actor Training Times,Actor Training Steps
0,101.91801123469574,0,Humanoid-v3,SYS_QRDW,0,0
1,101.92955440180091,10000,Humanoid-v3,SYS_QRDW,5000,5000
2,161.4628272820075,20000,Humanoid-v3,SYS_QRDW,10000,10000
3,309.5772568490819,30000,Humanoid-v3,SYS_QRDW,15000,15000
4,399.04256170338687,40000,Humanoid-v3,SYS_QRDW,20000,20000
5,265.3525285496965,50000,Humanoid-v3,SYS_QRDW,25000,25000
6,403.4991241520915,60000,Humanoid-v3,SYS_QRDW,30000,30000
7,385.6405970822583,70000,Humanoid-v3,SYS_QRDW,35000,35000
8,456.1333282106858,80000,Humanoid-v3,SYS_QRDW,40000,40000
9,496.6169821409243,90000,Humanoid-v3,SYS_QRDW,45000,45000
10,368.98565177621276,100000,Humanoid-v3,SYS_QRDW,50000,50000
11,442.63228430977136,110000,Humanoid-v3,SYS_QRDW,55000,55000
12,579.3967428848965,120000,Humanoid-v3,SYS_QRDW,60000,60000
13,543.0806698381762,130000,Humanoid-v3,SYS_QRDW,65000,65000
14,419.89822511150726,140000,Humanoid-v3,SYS_QRDW,70000,70000
15,562.9973940105854,150000,Humanoid-v3,SYS_QRDW,75000,75000
16,616.3775173918076,160000,Humanoid-v3,SYS_QRDW,80000,80000
17,514.0816867075972,170000,Humanoid-v3,SYS_QRDW,85000,85000
18,526.7795128038301,180000,Humanoid-v3,SYS_QRDW,90000,90000
19,619.9447777333796,190000,Humanoid-v3,SYS_QRDW,95000,95000
20,576.2446603335303,200000,Humanoid-v3,SYS_QRDW,100000,100000
21,572.5632327894319,210000,Humanoid-v3,SYS_QRDW,105000,105000
22,705.5255080194189,220000,Humanoid-v3,SYS_QRDW,110000,110000
23,904.4842356509333,230000,Humanoid-v3,SYS_QRDW,115000,115000
24,824.8125619041814,240000,Humanoid-v3,SYS_QRDW,120000,120000
25,640.2192197629672,250000,Humanoid-v3,SYS_QRDW,125000,125000
26,661.0304920877812,260000,Humanoid-v3,SYS_QRDW,130000,130000
27,743.0104341439556,270000,Humanoid-v3,SYS_QRDW,135000,135000
28,959.774302628746,280000,Humanoid-v3,SYS_QRDW,140000,140000
29,976.4096510204514,290000,Humanoid-v3,SYS_QRDW,145000,145000
30,1295.847949558413,300000,Humanoid-v3,SYS_QRDW,150000,150000
31,1315.2442334191985,310000,Humanoid-v3,SYS_QRDW,155000,155000
32,945.4434964492696,320000,Humanoid-v3,SYS_QRDW,160000,160000
33,1050.8963291435277,330000,Humanoid-v3,SYS_QRDW,165000,165000
34,974.9519091672757,340000,Humanoid-v3,SYS_QRDW,170000,170000
35,1896.5373398058719,350000,Humanoid-v3,SYS_QRDW,175000,175000
36,1490.1518791257215,360000,Humanoid-v3,SYS_QRDW,180000,180000
37,1115.3456929979993,370000,Humanoid-v3,SYS_QRDW,185000,185000
38,963.031307326604,380000,Humanoid-v3,SYS_QRDW,190000,190000
39,1547.9405292216495,390000,Humanoid-v3,SYS_QRDW,195000,195000
40,1424.9433595996286,400000,Humanoid-v3,SYS_QRDW,200000,200000
41,1255.9945544602938,410000,Humanoid-v3,SYS_QRDW,205000,205000
42,1771.4900010205577,420000,Humanoid-v3,SYS_QRDW,210000,210000
43,2720.4027122647994,430000,Humanoid-v3,SYS_QRDW,215000,215000
44,2543.078115173222,440000,Humanoid-v3,SYS_QRDW,220000,220000
45,2415.621952273851,450000,Humanoid-v3,SYS_QRDW,225000,225000
46,3844.1612940100295,460000,Humanoid-v3,SYS_QRDW,230000,230000
47,3826.7878122253423,470000,Humanoid-v3,SYS_QRDW,235000,235000
48,2884.4925394843176,480000,Humanoid-v3,SYS_QRDW,240000,240000
49,2281.16478334403,490000,Humanoid-v3,SYS_QRDW,245000,245000
50,4203.429601694344,500000,Humanoid-v3,SYS_QRDW,250000,250000
51,2217.925425748936,510000,Humanoid-v3,SYS_QRDW,255000,255000
52,2103.426380655976,520000,Humanoid-v3,SYS_QRDW,260000,260000
53,4332.725902958964,530000,Humanoid-v3,SYS_QRDW,265000,265000
54,4322.67774000543,540000,Humanoid-v3,SYS_QRDW,270000,270000
55,4601.50856329847,550000,Humanoid-v3,SYS_QRDW,275000,275000
56,4894.462222281644,560000,Humanoid-v3,SYS_QRDW,280000,280000
57,4043.1119602861145,570000,Humanoid-v3,SYS_QRDW,285000,285000
58,4134.118563178508,580000,Humanoid-v3,SYS_QRDW,290000,290000
59,5047.776453143286,590000,Humanoid-v3,SYS_QRDW,295000,295000
60,3680.650992438734,600000,Humanoid-v3,SYS_QRDW,300000,300000
61,3079.1061286921868,610000,Humanoid-v3,SYS_QRDW,305000,305000
62,4195.780172777877,620000,Humanoid-v3,SYS_QRDW,310000,310000
63,4512.589183999666,630000,Humanoid-v3,SYS_QRDW,315000,315000
64,4625.174007547357,640000,Humanoid-v3,SYS_QRDW,320000,320000
65,4749.08424109405,650000,Humanoid-v3,SYS_QRDW,325000,325000
66,4904.750742609564,660000,Humanoid-v3,SYS_QRDW,330000,330000
67,4848.18609948391,670000,Humanoid-v3,SYS_QRDW,335000,335000
68,4763.885787008574,680000,Humanoid-v3,SYS_QRDW,340000,340000
69,4984.699588918391,690000,Humanoid-v3,SYS_QRDW,345000,345000
70,4813.940364813952,700000,Humanoid-v3,SYS_QRDW,350000,350000
71,4409.654592860377,710000,Humanoid-v3,SYS_QRDW,355000,355000
72,5056.675299755273,720000,Humanoid-v3,SYS_QRDW,360000,360000
73,4987.825594398048,730000,Humanoid-v3,SYS_QRDW,365000,365000
74,5157.142346076757,740000,Humanoid-v3,SYS_QRDW,370000,370000
75,4907.174145123365,750000,Humanoid-v3,SYS_QRDW,375000,375000
76,3585.883502718795,760000,Humanoid-v3,SYS_QRDW,380000,380000
77,5229.520875509927,770000,Humanoid-v3,SYS_QRDW,385000,385000
78,5208.9072300379385,780000,Humanoid-v3,SYS_QRDW,390000,390000
79,3504.8531988564373,790000,Humanoid-v3,SYS_QRDW,395000,395000
80,5171.654673161032,800000,Humanoid-v3,SYS_QRDW,400000,400000
81,5144.466808492949,810000,Humanoid-v3,SYS_QRDW,405000,405000
82,4325.918155485315,820000,Humanoid-v3,SYS_QRDW,410000,410000
83,5300.384858752464,830000,Humanoid-v3,SYS_QRDW,415000,415000
84,5181.595758907151,840000,Humanoid-v3,SYS_QRDW,420000,420000
85,5075.602138396426,850000,Humanoid-v3,SYS_QRDW,425000,425000
86,4820.860297474275,860000,Humanoid-v3,SYS_QRDW,430000,430000
87,4777.005643359153,870000,Humanoid-v3,SYS_QRDW,435000,435000
88,4861.98768525173,880000,Humanoid-v3,SYS_QRDW,440000,440000
89,4780.454773136789,890000,Humanoid-v3,SYS_QRDW,445000,445000
90,5240.849089335363,900000,Humanoid-v3,SYS_QRDW,450000,450000
91,4474.699770639968,910000,Humanoid-v3,SYS_QRDW,455000,455000
92,5030.450038476392,920000,Humanoid-v3,SYS_QRDW,460000,460000
93,5040.325506810101,930000,Humanoid-v3,SYS_QRDW,465000,465000
94,4765.808119389132,940000,Humanoid-v3,SYS_QRDW,470000,470000
95,5214.752099400719,950000,Humanoid-v3,SYS_QRDW,475000,475000
96,4510.690952394265,960000,Humanoid-v3,SYS_QRDW,480000,480000
97,3748.075014372562,970000,Humanoid-v3,SYS_QRDW,485000,485000
98,4188.5039957592435,980000,Humanoid-v3,SYS_QRDW,490000,490000
99,4567.4550311054745,990000,Humanoid-v3,SYS_QRDW,495000,495000
100,4454.756024704236,1000000,Humanoid-v3,SYS_QRDW,500000,500000
