index,Average Returns,Timesteps,env,algorithm_name,Actor Training Times,Actor Training Steps
0,-0.8441864494863169,0,HalfCheetah-v3,SYS_QRDW,0,0
1,-0.8441864494863169,10000,HalfCheetah-v3,SYS_QRDW,5000,5000
2,-352.0849112357965,20000,HalfCheetah-v3,SYS_QRDW,10000,10000
3,913.4144083803457,30000,HalfCheetah-v3,SYS_QRDW,15000,15000
4,1330.5147158086854,40000,HalfCheetah-v3,SYS_QRDW,20000,20000
5,2140.858712525684,50000,HalfCheetah-v3,SYS_QRDW,25000,25000
6,2500.012825543675,60000,HalfCheetah-v3,SYS_QRDW,30000,30000
7,2973.4380623274897,70000,HalfCheetah-v3,SYS_QRDW,35000,35000
8,3380.572703715676,80000,HalfCheetah-v3,SYS_QRDW,40000,40000
9,3866.5793455268017,90000,HalfCheetah-v3,SYS_QRDW,45000,45000
10,3998.6953260805462,100000,HalfCheetah-v3,SYS_QRDW,50000,50000
11,3891.149021638808,110000,HalfCheetah-v3,SYS_QRDW,55000,55000
12,4917.43662938268,120000,HalfCheetah-v3,SYS_QRDW,60000,60000
13,5156.660473995937,130000,HalfCheetah-v3,SYS_QRDW,65000,65000
14,5546.170351017163,140000,HalfCheetah-v3,SYS_QRDW,70000,70000
15,5537.081230092153,150000,HalfCheetah-v3,SYS_QRDW,75000,75000
16,6004.193141342249,160000,HalfCheetah-v3,SYS_QRDW,80000,80000
17,6479.9897428644335,170000,HalfCheetah-v3,SYS_QRDW,85000,85000
18,6120.819748313879,180000,HalfCheetah-v3,SYS_QRDW,90000,90000
19,6987.879433498446,190000,HalfCheetah-v3,SYS_QRDW,95000,95000
20,5000.102433184249,200000,HalfCheetah-v3,SYS_QRDW,100000,100000
21,7431.3887957300485,210000,HalfCheetah-v3,SYS_QRDW,105000,105000
22,7257.196978010996,220000,HalfCheetah-v3,SYS_QRDW,110000,110000
23,7797.634045046568,230000,HalfCheetah-v3,SYS_QRDW,115000,115000
24,7943.716125260389,240000,HalfCheetah-v3,SYS_QRDW,120000,120000
25,8179.17886687684,250000,HalfCheetah-v3,SYS_QRDW,125000,125000
26,8428.83025124824,260000,HalfCheetah-v3,SYS_QRDW,130000,130000
27,7899.588628050435,270000,HalfCheetah-v3,SYS_QRDW,135000,135000
28,8305.0372385871,280000,HalfCheetah-v3,SYS_QRDW,140000,140000
29,8046.650477972107,290000,HalfCheetah-v3,SYS_QRDW,145000,145000
30,8724.836640224239,300000,HalfCheetah-v3,SYS_QRDW,150000,150000
31,8989.264051280836,310000,HalfCheetah-v3,SYS_QRDW,155000,155000
32,8836.362103970645,320000,HalfCheetah-v3,SYS_QRDW,160000,160000
33,9091.216881777782,330000,HalfCheetah-v3,SYS_QRDW,165000,165000
34,9232.828612282838,340000,HalfCheetah-v3,SYS_QRDW,170000,170000
35,9019.972964127754,350000,HalfCheetah-v3,SYS_QRDW,175000,175000
36,9357.148513563774,360000,HalfCheetah-v3,SYS_QRDW,180000,180000
37,9266.943180442504,370000,HalfCheetah-v3,SYS_QRDW,185000,185000
38,9383.89067761027,380000,HalfCheetah-v3,SYS_QRDW,190000,190000
39,9402.065339913725,390000,HalfCheetah-v3,SYS_QRDW,195000,195000
40,9303.214643710213,400000,HalfCheetah-v3,SYS_QRDW,200000,200000
41,9609.67544570498,410000,HalfCheetah-v3,SYS_QRDW,205000,205000
42,9625.53685378156,420000,HalfCheetah-v3,SYS_QRDW,210000,210000
43,9564.85949518119,430000,HalfCheetah-v3,SYS_QRDW,215000,215000
44,9565.526216965683,440000,HalfCheetah-v3,SYS_QRDW,220000,220000
45,9612.06383964926,450000,HalfCheetah-v3,SYS_QRDW,225000,225000
46,9714.108863583684,460000,HalfCheetah-v3,SYS_QRDW,230000,230000
47,9799.94760616907,470000,HalfCheetah-v3,SYS_QRDW,235000,235000
48,9740.680204142654,480000,HalfCheetah-v3,SYS_QRDW,240000,240000
49,9786.881573180617,490000,HalfCheetah-v3,SYS_QRDW,245000,245000
50,9745.515553297602,500000,HalfCheetah-v3,SYS_QRDW,250000,250000
51,9987.79059889553,510000,HalfCheetah-v3,SYS_QRDW,255000,255000
52,9965.92496725344,520000,HalfCheetah-v3,SYS_QRDW,260000,260000
53,9944.138359355602,530000,HalfCheetah-v3,SYS_QRDW,265000,265000
54,9953.566427259351,540000,HalfCheetah-v3,SYS_QRDW,270000,270000
55,9864.137692762764,550000,HalfCheetah-v3,SYS_QRDW,275000,275000
56,9956.962080518073,560000,HalfCheetah-v3,SYS_QRDW,280000,280000
57,9820.301032851701,570000,HalfCheetah-v3,SYS_QRDW,285000,285000
58,9532.336252344398,580000,HalfCheetah-v3,SYS_QRDW,290000,290000
59,10123.170654043794,590000,HalfCheetah-v3,SYS_QRDW,295000,295000
60,10249.774021866158,600000,HalfCheetah-v3,SYS_QRDW,300000,300000
61,10112.817126072685,610000,HalfCheetah-v3,SYS_QRDW,305000,305000
62,10220.061741076186,620000,HalfCheetah-v3,SYS_QRDW,310000,310000
63,10198.16560942115,630000,HalfCheetah-v3,SYS_QRDW,315000,315000
64,9909.319336580138,640000,HalfCheetah-v3,SYS_QRDW,320000,320000
65,10073.355628517123,650000,HalfCheetah-v3,SYS_QRDW,325000,325000
66,9919.922353354288,660000,HalfCheetah-v3,SYS_QRDW,330000,330000
67,10333.144451158409,670000,HalfCheetah-v3,SYS_QRDW,335000,335000
68,10318.458814325695,680000,HalfCheetah-v3,SYS_QRDW,340000,340000
69,9432.1870649589,690000,HalfCheetah-v3,SYS_QRDW,345000,345000
70,10556.07477716921,700000,HalfCheetah-v3,SYS_QRDW,350000,350000
71,10411.480752786889,710000,HalfCheetah-v3,SYS_QRDW,355000,355000
72,9789.517196477133,720000,HalfCheetah-v3,SYS_QRDW,360000,360000
73,10638.485508915379,730000,HalfCheetah-v3,SYS_QRDW,365000,365000
74,9904.818746695335,740000,HalfCheetah-v3,SYS_QRDW,370000,370000
75,10737.687119518769,750000,HalfCheetah-v3,SYS_QRDW,375000,375000
76,10554.94794055382,760000,HalfCheetah-v3,SYS_QRDW,380000,380000
77,10578.11279172725,770000,HalfCheetah-v3,SYS_QRDW,385000,385000
78,10560.507654268917,780000,HalfCheetah-v3,SYS_QRDW,390000,390000
79,10185.83757112903,790000,HalfCheetah-v3,SYS_QRDW,395000,395000
80,10599.017171777992,800000,HalfCheetah-v3,SYS_QRDW,400000,400000
81,10749.003342907748,810000,HalfCheetah-v3,SYS_QRDW,405000,405000
82,10807.944485092668,820000,HalfCheetah-v3,SYS_QRDW,410000,410000
83,10516.474286421557,830000,HalfCheetah-v3,SYS_QRDW,415000,415000
84,10810.629882455856,840000,HalfCheetah-v3,SYS_QRDW,420000,420000
85,10477.94486331924,850000,HalfCheetah-v3,SYS_QRDW,425000,425000
86,10731.648584781482,860000,HalfCheetah-v3,SYS_QRDW,430000,430000
87,10615.234863561747,870000,HalfCheetah-v3,SYS_QRDW,435000,435000
88,10890.484594485248,880000,HalfCheetah-v3,SYS_QRDW,440000,440000
89,10762.205492936497,890000,HalfCheetah-v3,SYS_QRDW,445000,445000
90,10690.422653496573,900000,HalfCheetah-v3,SYS_QRDW,450000,450000
91,10822.649056235608,910000,HalfCheetah-v3,SYS_QRDW,455000,455000
92,10979.39313639751,920000,HalfCheetah-v3,SYS_QRDW,460000,460000
93,10834.02282863405,930000,HalfCheetah-v3,SYS_QRDW,465000,465000
94,10965.905329710473,940000,HalfCheetah-v3,SYS_QRDW,470000,470000
95,10820.710451999565,950000,HalfCheetah-v3,SYS_QRDW,475000,475000
96,10784.589404596098,960000,HalfCheetah-v3,SYS_QRDW,480000,480000
97,10893.370552712393,970000,HalfCheetah-v3,SYS_QRDW,485000,485000
98,10658.5056199991,980000,HalfCheetah-v3,SYS_QRDW,490000,490000
99,10881.486080819272,990000,HalfCheetah-v3,SYS_QRDW,495000,495000
100,10744.389000377834,1000000,HalfCheetah-v3,SYS_QRDW,500000,500000
