index,Average Returns,Timesteps,env,algorithm_name,Actor Training Times,Actor Training Steps
0,982.9830174279995,0,Ant-v3,SYS_QRDW,0,0
1,982.9830174279995,10000,Ant-v3,SYS_QRDW,5000,5000
2,434.20365169605657,20000,Ant-v3,SYS_QRDW,10000,10000
3,539.1172052683677,30000,Ant-v3,SYS_QRDW,15000,15000
4,813.0544167257101,40000,Ant-v3,SYS_QRDW,20000,20000
5,890.0486504428529,50000,Ant-v3,SYS_QRDW,25000,25000
6,842.9119813006807,60000,Ant-v3,SYS_QRDW,30000,30000
7,1064.0965150606326,70000,Ant-v3,SYS_QRDW,35000,35000
8,978.6771364692256,80000,Ant-v3,SYS_QRDW,40000,40000
9,1052.8403425486515,90000,Ant-v3,SYS_QRDW,45000,45000
10,1253.7695014344874,100000,Ant-v3,SYS_QRDW,50000,50000
11,962.4704207284723,110000,Ant-v3,SYS_QRDW,55000,55000
12,1039.0008922059599,120000,Ant-v3,SYS_QRDW,60000,60000
13,1615.4747356400349,130000,Ant-v3,SYS_QRDW,65000,65000
14,1933.0509027933044,140000,Ant-v3,SYS_QRDW,70000,70000
15,1633.5263242386022,150000,Ant-v3,SYS_QRDW,75000,75000
16,2823.786846501761,160000,Ant-v3,SYS_QRDW,80000,80000
17,1430.3451192957104,170000,Ant-v3,SYS_QRDW,85000,85000
18,2354.2628008974248,180000,Ant-v3,SYS_QRDW,90000,90000
19,2033.4580987126428,190000,Ant-v3,SYS_QRDW,95000,95000
20,2655.4958518963185,200000,Ant-v3,SYS_QRDW,100000,100000
21,2973.3130840513536,210000,Ant-v3,SYS_QRDW,105000,105000
22,3566.406612211414,220000,Ant-v3,SYS_QRDW,110000,110000
23,2751.770741515051,230000,Ant-v3,SYS_QRDW,115000,115000
24,1740.4626399488166,240000,Ant-v3,SYS_QRDW,120000,120000
25,3134.517856961628,250000,Ant-v3,SYS_QRDW,125000,125000
26,2868.7592808833065,260000,Ant-v3,SYS_QRDW,130000,130000
27,646.9950346811987,270000,Ant-v3,SYS_QRDW,135000,135000
28,4135.034881402345,280000,Ant-v3,SYS_QRDW,140000,140000
29,3588.1338327675294,290000,Ant-v3,SYS_QRDW,145000,145000
30,3307.8114326520736,300000,Ant-v3,SYS_QRDW,150000,150000
31,4230.907062954475,310000,Ant-v3,SYS_QRDW,155000,155000
32,4778.114368896844,320000,Ant-v3,SYS_QRDW,160000,160000
33,4562.858946998042,330000,Ant-v3,SYS_QRDW,165000,165000
34,4746.734667496499,340000,Ant-v3,SYS_QRDW,170000,170000
35,3975.338784092924,350000,Ant-v3,SYS_QRDW,175000,175000
36,4141.988568412807,360000,Ant-v3,SYS_QRDW,180000,180000
37,5115.737619268164,370000,Ant-v3,SYS_QRDW,185000,185000
38,4864.404961189439,380000,Ant-v3,SYS_QRDW,190000,190000
39,4341.724787330895,390000,Ant-v3,SYS_QRDW,195000,195000
40,4546.816191218009,400000,Ant-v3,SYS_QRDW,200000,200000
41,5077.243204511044,410000,Ant-v3,SYS_QRDW,205000,205000
42,4805.045535393898,420000,Ant-v3,SYS_QRDW,210000,210000
43,4851.584636902371,430000,Ant-v3,SYS_QRDW,215000,215000
44,5009.817231540576,440000,Ant-v3,SYS_QRDW,220000,220000
45,4361.200527199897,450000,Ant-v3,SYS_QRDW,225000,225000
46,4903.696640542212,460000,Ant-v3,SYS_QRDW,230000,230000
47,4496.193261273674,470000,Ant-v3,SYS_QRDW,235000,235000
48,4019.595190687788,480000,Ant-v3,SYS_QRDW,240000,240000
49,4649.530358995868,490000,Ant-v3,SYS_QRDW,245000,245000
50,4585.209889277056,500000,Ant-v3,SYS_QRDW,250000,250000
51,5084.478336397593,510000,Ant-v3,SYS_QRDW,255000,255000
52,4935.778353246027,520000,Ant-v3,SYS_QRDW,260000,260000
53,4006.12799543789,530000,Ant-v3,SYS_QRDW,265000,265000
54,5210.3498085107485,540000,Ant-v3,SYS_QRDW,270000,270000
55,5462.3105751527755,550000,Ant-v3,SYS_QRDW,275000,275000
56,3295.7563884776478,560000,Ant-v3,SYS_QRDW,280000,280000
57,4410.675298570628,570000,Ant-v3,SYS_QRDW,285000,285000
58,5142.077164243296,580000,Ant-v3,SYS_QRDW,290000,290000
59,4558.220914350073,590000,Ant-v3,SYS_QRDW,295000,295000
60,4350.546260052191,600000,Ant-v3,SYS_QRDW,300000,300000
61,3387.694937887263,610000,Ant-v3,SYS_QRDW,305000,305000
62,5559.6376541240625,620000,Ant-v3,SYS_QRDW,310000,310000
63,5540.837851462022,630000,Ant-v3,SYS_QRDW,315000,315000
64,5410.676364648743,640000,Ant-v3,SYS_QRDW,320000,320000
65,5518.055808757128,650000,Ant-v3,SYS_QRDW,325000,325000
66,5232.396042365991,660000,Ant-v3,SYS_QRDW,330000,330000
67,5262.222482920361,670000,Ant-v3,SYS_QRDW,335000,335000
68,4540.685896503276,680000,Ant-v3,SYS_QRDW,340000,340000
69,4783.117675494495,690000,Ant-v3,SYS_QRDW,345000,345000
70,4902.811928996292,700000,Ant-v3,SYS_QRDW,350000,350000
71,5464.219637738127,710000,Ant-v3,SYS_QRDW,355000,355000
72,4824.669840734333,720000,Ant-v3,SYS_QRDW,360000,360000
73,4858.646831803042,730000,Ant-v3,SYS_QRDW,365000,365000
74,5242.957023508278,740000,Ant-v3,SYS_QRDW,370000,370000
75,2256.816203389346,750000,Ant-v3,SYS_QRDW,375000,375000
76,4836.980667467044,760000,Ant-v3,SYS_QRDW,380000,380000
77,4107.273155852351,770000,Ant-v3,SYS_QRDW,385000,385000
78,3289.4700382608125,780000,Ant-v3,SYS_QRDW,390000,390000
79,5533.0603212137485,790000,Ant-v3,SYS_QRDW,395000,395000
80,5144.207395017012,800000,Ant-v3,SYS_QRDW,400000,400000
81,5840.1756932994,810000,Ant-v3,SYS_QRDW,405000,405000
82,5233.862822180819,820000,Ant-v3,SYS_QRDW,410000,410000
83,5028.411068496211,830000,Ant-v3,SYS_QRDW,415000,415000
84,5809.9180058898,840000,Ant-v3,SYS_QRDW,420000,420000
85,5654.291524769131,850000,Ant-v3,SYS_QRDW,425000,425000
86,5547.387254496634,860000,Ant-v3,SYS_QRDW,430000,430000
87,3980.744181617761,870000,Ant-v3,SYS_QRDW,435000,435000
88,5567.89963155697,880000,Ant-v3,SYS_QRDW,440000,440000
89,5876.697249431521,890000,Ant-v3,SYS_QRDW,445000,445000
90,5121.13994097619,900000,Ant-v3,SYS_QRDW,450000,450000
91,5462.476947221508,910000,Ant-v3,SYS_QRDW,455000,455000
92,5972.31390594844,920000,Ant-v3,SYS_QRDW,460000,460000
93,5025.081990267139,930000,Ant-v3,SYS_QRDW,465000,465000
94,5056.274149116069,940000,Ant-v3,SYS_QRDW,470000,470000
95,5379.2531643686625,950000,Ant-v3,SYS_QRDW,475000,475000
96,6015.473652920296,960000,Ant-v3,SYS_QRDW,480000,480000
97,5626.4592890942295,970000,Ant-v3,SYS_QRDW,485000,485000
98,5788.648001900912,980000,Ant-v3,SYS_QRDW,490000,490000
99,5862.6533890447445,990000,Ant-v3,SYS_QRDW,495000,495000
100,5900.515351447892,1000000,Ant-v3,SYS_QRDW,500000,500000
