index,Average Returns,Timesteps,env,algorithm_name,Actor Training Times,Actor Training Steps
0,101.90067775222884,0,Humanoid-v3,TD3,0,0
1,101.90067775222884,10000,Humanoid-v3,TD3,5000,5000
2,304.1265603448509,20000,Humanoid-v3,TD3,10000,10000
3,108.52268485835673,30000,Humanoid-v3,TD3,15000,15000
4,355.6985929698851,40000,Humanoid-v3,TD3,20000,20000
5,278.46460571779255,50000,Humanoid-v3,TD3,25000,25000
6,381.0044055256692,60000,Humanoid-v3,TD3,30000,30000
7,377.2301847362288,70000,Humanoid-v3,TD3,35000,35000
8,387.0827435350667,80000,Humanoid-v3,TD3,40000,40000
9,330.28643504607794,90000,Humanoid-v3,TD3,45000,45000
10,437.5661641221779,100000,Humanoid-v3,TD3,50000,50000
11,390.607900774986,110000,Humanoid-v3,TD3,55000,55000
12,569.5816275171715,120000,Humanoid-v3,TD3,60000,60000
13,360.2324183136368,130000,Humanoid-v3,TD3,65000,65000
14,472.6729815221505,140000,Humanoid-v3,TD3,70000,70000
15,418.8103462464152,150000,Humanoid-v3,TD3,75000,75000
16,410.0038559793691,160000,Humanoid-v3,TD3,80000,80000
17,560.7341987269285,170000,Humanoid-v3,TD3,85000,85000
18,543.6197001952238,180000,Humanoid-v3,TD3,90000,90000
19,480.369331355138,190000,Humanoid-v3,TD3,95000,95000
20,542.0909757035868,200000,Humanoid-v3,TD3,100000,100000
21,595.8983090630553,210000,Humanoid-v3,TD3,105000,105000
22,590.5980195791882,220000,Humanoid-v3,TD3,110000,110000
23,620.9025089065143,230000,Humanoid-v3,TD3,115000,115000
24,641.1488946046447,240000,Humanoid-v3,TD3,120000,120000
25,687.3375837930744,250000,Humanoid-v3,TD3,125000,125000
26,955.4219886405684,260000,Humanoid-v3,TD3,130000,130000
27,953.0777082920528,270000,Humanoid-v3,TD3,135000,135000
28,775.9771507517701,280000,Humanoid-v3,TD3,140000,140000
29,859.8466542694127,290000,Humanoid-v3,TD3,145000,145000
30,1104.840911412456,300000,Humanoid-v3,TD3,150000,150000
31,979.4342834999486,310000,Humanoid-v3,TD3,155000,155000
32,753.5960415910974,320000,Humanoid-v3,TD3,160000,160000
33,1172.2347375171682,330000,Humanoid-v3,TD3,165000,165000
34,1450.36923976132,340000,Humanoid-v3,TD3,170000,170000
35,1447.687380945355,350000,Humanoid-v3,TD3,175000,175000
36,1769.5833258566906,360000,Humanoid-v3,TD3,180000,180000
37,808.4896577926169,370000,Humanoid-v3,TD3,185000,185000
38,1449.342935249491,380000,Humanoid-v3,TD3,190000,190000
39,1612.9722047751568,390000,Humanoid-v3,TD3,195000,195000
40,2155.5875572667683,400000,Humanoid-v3,TD3,200000,200000
41,3217.4402841611713,410000,Humanoid-v3,TD3,205000,205000
42,2896.790894754745,420000,Humanoid-v3,TD3,210000,210000
43,3356.92193356711,430000,Humanoid-v3,TD3,215000,215000
44,2794.7187981463744,440000,Humanoid-v3,TD3,220000,220000
45,3308.6996720221973,450000,Humanoid-v3,TD3,225000,225000
46,2884.5580377788397,460000,Humanoid-v3,TD3,230000,230000
47,2343.884188426693,470000,Humanoid-v3,TD3,235000,235000
48,3516.5269244054352,480000,Humanoid-v3,TD3,240000,240000
49,3643.640635695776,490000,Humanoid-v3,TD3,245000,245000
50,4509.384298937423,500000,Humanoid-v3,TD3,250000,250000
51,3537.5048225268347,510000,Humanoid-v3,TD3,255000,255000
52,3677.523598902919,520000,Humanoid-v3,TD3,260000,260000
53,2811.95595085299,530000,Humanoid-v3,TD3,265000,265000
54,3947.949258728459,540000,Humanoid-v3,TD3,270000,270000
55,4986.22203608091,550000,Humanoid-v3,TD3,275000,275000
56,4382.193625492935,560000,Humanoid-v3,TD3,280000,280000
57,3044.776813473699,570000,Humanoid-v3,TD3,285000,285000
58,2108.6709084673466,580000,Humanoid-v3,TD3,290000,290000
59,4739.8691383346895,590000,Humanoid-v3,TD3,295000,295000
60,5002.493559330198,600000,Humanoid-v3,TD3,300000,300000
61,4730.7979531953715,610000,Humanoid-v3,TD3,305000,305000
62,1301.1357000253129,620000,Humanoid-v3,TD3,310000,310000
63,3814.0212228954247,630000,Humanoid-v3,TD3,315000,315000
64,3002.7794795096765,640000,Humanoid-v3,TD3,320000,320000
65,4257.867722618999,650000,Humanoid-v3,TD3,325000,325000
66,4816.3693936241025,660000,Humanoid-v3,TD3,330000,330000
67,3347.889359191654,670000,Humanoid-v3,TD3,335000,335000
68,4297.6992236991255,680000,Humanoid-v3,TD3,340000,340000
69,4746.82641071201,690000,Humanoid-v3,TD3,345000,345000
70,3179.138411017984,700000,Humanoid-v3,TD3,350000,350000
71,4091.706031576048,710000,Humanoid-v3,TD3,355000,355000
72,4237.528092814291,720000,Humanoid-v3,TD3,360000,360000
73,4705.474233096465,730000,Humanoid-v3,TD3,365000,365000
74,4283.157498910341,740000,Humanoid-v3,TD3,370000,370000
75,3740.0534480979572,750000,Humanoid-v3,TD3,375000,375000
76,5024.56255883507,760000,Humanoid-v3,TD3,380000,380000
77,4921.768887140563,770000,Humanoid-v3,TD3,385000,385000
78,3785.757757050117,780000,Humanoid-v3,TD3,390000,390000
79,5007.74482693556,790000,Humanoid-v3,TD3,395000,395000
80,4674.340591754094,800000,Humanoid-v3,TD3,400000,400000
81,3492.4476129329246,810000,Humanoid-v3,TD3,405000,405000
82,4834.044866824398,820000,Humanoid-v3,TD3,410000,410000
83,4717.047315327686,830000,Humanoid-v3,TD3,415000,415000
84,4298.72620670436,840000,Humanoid-v3,TD3,420000,420000
85,5089.280073786808,850000,Humanoid-v3,TD3,425000,425000
86,4445.589800136129,860000,Humanoid-v3,TD3,430000,430000
87,4022.5065540125483,870000,Humanoid-v3,TD3,435000,435000
88,3534.433149572923,880000,Humanoid-v3,TD3,440000,440000
89,4420.065279072647,890000,Humanoid-v3,TD3,445000,445000
90,3513.386417299765,900000,Humanoid-v3,TD3,450000,450000
91,4232.461934956222,910000,Humanoid-v3,TD3,455000,455000
92,4992.567297909646,920000,Humanoid-v3,TD3,460000,460000
93,5120.320388114649,930000,Humanoid-v3,TD3,465000,465000
94,2987.054227181596,940000,Humanoid-v3,TD3,470000,470000
95,4855.538043536678,950000,Humanoid-v3,TD3,475000,475000
96,5263.3678703800315,960000,Humanoid-v3,TD3,480000,480000
97,3780.592474391282,970000,Humanoid-v3,TD3,485000,485000
98,5061.037927583998,980000,Humanoid-v3,TD3,490000,490000
99,3391.924249156045,990000,Humanoid-v3,TD3,495000,495000
100,5013.788146949197,1000000,Humanoid-v3,TD3,500000,500000
