index,Average Returns,Timesteps,env,algorithm_name,Actor Training Times,Actor Training Steps
0,336.1766112458394,0,Walker2d-v3,DDPG,0,0
1,336.1766112458394,10000,Walker2d-v3,DDPG,5000,5000
2,188.4909918248326,20000,Walker2d-v3,DDPG,10000,10000
3,284.39520649821907,30000,Walker2d-v3,DDPG,15000,15000
4,270.00256114291415,40000,Walker2d-v3,DDPG,20000,20000
5,158.3004417015399,50000,Walker2d-v3,DDPG,25000,25000
6,302.6485445257823,60000,Walker2d-v3,DDPG,30000,30000
7,230.0324557395376,70000,Walker2d-v3,DDPG,35000,35000
8,325.42686974613036,80000,Walker2d-v3,DDPG,40000,40000
9,231.71917606111703,90000,Walker2d-v3,DDPG,45000,45000
10,445.53861482506346,100000,Walker2d-v3,DDPG,50000,50000
11,507.39556462667895,110000,Walker2d-v3,DDPG,55000,55000
12,362.9117360928914,120000,Walker2d-v3,DDPG,60000,60000
13,698.8383089174138,130000,Walker2d-v3,DDPG,65000,65000
14,423.8436275623552,140000,Walker2d-v3,DDPG,70000,70000
15,340.9053761234084,150000,Walker2d-v3,DDPG,75000,75000
16,380.54927656953225,160000,Walker2d-v3,DDPG,80000,80000
17,472.5164556828106,170000,Walker2d-v3,DDPG,85000,85000
18,191.46403338085003,180000,Walker2d-v3,DDPG,90000,90000
19,688.580672527777,190000,Walker2d-v3,DDPG,95000,95000
20,606.5845925889673,200000,Walker2d-v3,DDPG,100000,100000
21,654.3910536217311,210000,Walker2d-v3,DDPG,105000,105000
22,992.286977941923,220000,Walker2d-v3,DDPG,110000,110000
23,869.8385498498535,230000,Walker2d-v3,DDPG,115000,115000
24,1189.1029988687626,240000,Walker2d-v3,DDPG,120000,120000
25,711.0944205738699,250000,Walker2d-v3,DDPG,125000,125000
26,802.9751336543816,260000,Walker2d-v3,DDPG,130000,130000
27,1394.934806798512,270000,Walker2d-v3,DDPG,135000,135000
28,1192.7856035837515,280000,Walker2d-v3,DDPG,140000,140000
29,1811.5466244191439,290000,Walker2d-v3,DDPG,145000,145000
30,1331.3201567468761,300000,Walker2d-v3,DDPG,150000,150000
31,2025.2808726440408,310000,Walker2d-v3,DDPG,155000,155000
32,992.5409470429877,320000,Walker2d-v3,DDPG,160000,160000
33,1603.0013155864046,330000,Walker2d-v3,DDPG,165000,165000
34,1319.2379447249139,340000,Walker2d-v3,DDPG,170000,170000
35,2488.608344769173,350000,Walker2d-v3,DDPG,175000,175000
36,2160.240933777948,360000,Walker2d-v3,DDPG,180000,180000
37,2097.3028822012475,370000,Walker2d-v3,DDPG,185000,185000
38,2376.7287472348567,380000,Walker2d-v3,DDPG,190000,190000
39,2560.5433526893303,390000,Walker2d-v3,DDPG,195000,195000
40,2790.107743250296,400000,Walker2d-v3,DDPG,200000,200000
41,2914.432259793817,410000,Walker2d-v3,DDPG,205000,205000
42,245.17033205120939,420000,Walker2d-v3,DDPG,210000,210000
43,2291.7909517570897,430000,Walker2d-v3,DDPG,215000,215000
44,113.72912237529785,440000,Walker2d-v3,DDPG,220000,220000
45,2852.4242130415137,450000,Walker2d-v3,DDPG,225000,225000
46,1801.6088326157087,460000,Walker2d-v3,DDPG,230000,230000
47,1708.491793540293,470000,Walker2d-v3,DDPG,235000,235000
48,1150.2565858775286,480000,Walker2d-v3,DDPG,240000,240000
49,1954.3914005391657,490000,Walker2d-v3,DDPG,245000,245000
50,1293.9451202999635,500000,Walker2d-v3,DDPG,250000,250000
51,525.7818518401868,510000,Walker2d-v3,DDPG,255000,255000
52,842.425900905659,520000,Walker2d-v3,DDPG,260000,260000
53,1878.6465925505884,530000,Walker2d-v3,DDPG,265000,265000
54,1148.9486567808985,540000,Walker2d-v3,DDPG,270000,270000
55,1076.4480120434905,550000,Walker2d-v3,DDPG,275000,275000
56,2031.977272379452,560000,Walker2d-v3,DDPG,280000,280000
57,2682.2912477616364,570000,Walker2d-v3,DDPG,285000,285000
58,1387.2753118726755,580000,Walker2d-v3,DDPG,290000,290000
59,1569.9828413177752,590000,Walker2d-v3,DDPG,295000,295000
60,402.16064457366235,600000,Walker2d-v3,DDPG,300000,300000
61,1604.657986451856,610000,Walker2d-v3,DDPG,305000,305000
62,720.7245005542412,620000,Walker2d-v3,DDPG,310000,310000
63,2105.9178648638845,630000,Walker2d-v3,DDPG,315000,315000
64,2906.775516532424,640000,Walker2d-v3,DDPG,320000,320000
65,1996.721250493772,650000,Walker2d-v3,DDPG,325000,325000
66,2366.542605927512,660000,Walker2d-v3,DDPG,330000,330000
67,2398.817655210417,670000,Walker2d-v3,DDPG,335000,335000
68,1680.3812439398148,680000,Walker2d-v3,DDPG,340000,340000
69,2672.0028734506022,690000,Walker2d-v3,DDPG,345000,345000
70,1734.1331140434024,700000,Walker2d-v3,DDPG,350000,350000
71,2879.8622056555023,710000,Walker2d-v3,DDPG,355000,355000
72,1818.8662443049725,720000,Walker2d-v3,DDPG,360000,360000
73,2339.9592248797776,730000,Walker2d-v3,DDPG,365000,365000
74,1834.0134594738345,740000,Walker2d-v3,DDPG,370000,370000
75,1481.4202067851995,750000,Walker2d-v3,DDPG,375000,375000
76,3045.858221861099,760000,Walker2d-v3,DDPG,380000,380000
77,1520.4542370265058,770000,Walker2d-v3,DDPG,385000,385000
78,1464.4986922860242,780000,Walker2d-v3,DDPG,390000,390000
79,-11.86793215204014,790000,Walker2d-v3,DDPG,395000,395000
80,1800.127328487609,800000,Walker2d-v3,DDPG,400000,400000
81,947.9956267429365,810000,Walker2d-v3,DDPG,405000,405000
82,2660.513110808229,820000,Walker2d-v3,DDPG,410000,410000
83,2406.455467496395,830000,Walker2d-v3,DDPG,415000,415000
84,4618.438172029646,840000,Walker2d-v3,DDPG,420000,420000
85,3170.8504397206702,850000,Walker2d-v3,DDPG,425000,425000
86,3614.675339236888,860000,Walker2d-v3,DDPG,430000,430000
87,2143.4733135850447,870000,Walker2d-v3,DDPG,435000,435000
88,3380.3407323990523,880000,Walker2d-v3,DDPG,440000,440000
89,3442.3724114805605,890000,Walker2d-v3,DDPG,445000,445000
90,2608.8659650258114,900000,Walker2d-v3,DDPG,450000,450000
91,1696.3594897702505,910000,Walker2d-v3,DDPG,455000,455000
92,3388.045673717962,920000,Walker2d-v3,DDPG,460000,460000
93,3108.324243765839,930000,Walker2d-v3,DDPG,465000,465000
94,3638.7068061078253,940000,Walker2d-v3,DDPG,470000,470000
95,4126.913196265129,950000,Walker2d-v3,DDPG,475000,475000
96,3868.746291306139,960000,Walker2d-v3,DDPG,480000,480000
97,1980.7241406910168,970000,Walker2d-v3,DDPG,485000,485000
98,2532.2108131943305,980000,Walker2d-v3,DDPG,490000,490000
99,2393.3829746138085,990000,Walker2d-v3,DDPG,495000,495000
100,3374.485954562561,1000000,Walker2d-v3,DDPG,500000,500000
